SJF 
ID Tempo_de_Chegada Tempo_de_finalizacao Tempo_de_Processamento Tempo_de_Espera Tempo_de_Turnaround 
5 0 3170 776 2394 3170 
8 0 6772 670 6102 6772 
1 0 9118 1972 7136 9118 
4 0 11450 1313 10132 11450 
9 0 12371 2675 9692 12371 
7 0 15643 1093 14550 15643 
2 0 16182 1136 15034 16182 
14 0 19009 1093 5545 6638 
16 0 20823 2238 2403 4641 
18 42 21675 508 344 852 
19 70 22063 200 188 388 
0 0 25203 2753 22447 25203 
20 79 26392 2207 2122 4329 
21 121 26421 656 562 1218 
23 290 28075 888 766 1654 
22 203 28635 1305 938 2243 
24 386 30774 1178 1520 2699 
15 0 32467 1153 15671 16824 
26 501 33176 1079 1315 2402 
6 0 33509 2955 30550 33509 
28 580 33806 216 414 630 
27 521 33998 565 966 1531 
29 650 34083 139 431 574 
32 838 34154 71 0 71 
30 673 36261 836 1619 2455 
34 882 39260 1008 1991 2999 
35 903 39770 302 208 510 
33 866 40453 2983 3316 6299 
36 987 43113 1821 1522 3343 
37 998 43677 1705 1519 3224 
3 0 47835 1471 46356 47835 
39 1085 51834 3828 4327 8157 
40 1137 52143 1057 3247 4308 
11 0 54491 3754 43965 47719 
42 1275 54523 1444 936 2380 
44 1339 56279 817 939 1756 
45 1349 56978 350 349 699 
43 1298 59541 1603 3434 5050 
46 1430 59843 1275 1590 2865 
17 7 63507 3091 41407 44498 
48 1523 65043 2127 3066 5200 
50 1670 66047 540 464 1004 
47 1520 69755 2518 7680 10214 
52 1732 69825 57 13 70 
51 1719 70282 2082 2149 4235 
49 1573 71361 2084 5770 7854 
55 1886 71825 190 274 464 
54 1807 74658 2214 2147 4376 
56 1977 75867 2125 1917 4042 
58 2071 80410 2301 2242 4543 
57 2027 80693 2934 3099 6035 
60 2149 80989 212 84 296 
59 2123 81491 599 482 1081 
62 2282 82578 576 511 1087 
61 2213 83952 1450 1513 2963 
64 2338 85465 824 688 1513 
63 2332 89490 2733 4179 6912 
65 2360 90546 2697 2384 5081 
10 0 91773 1414 87183 88603 
66 2451 94707 2338 2872 5217 
67 2483 94910 1919 2445 4364 
69 2600 95306 330 269 599 
70 2634 96208 567 731 1298 
72 2784 99666 1771 1680 3458 
71 2728 101259 2159 3794 5953 
68 2502 102864 2653 8435 11091 
73 2790 103458 2124 1668 3792 
75 2953 106995 1808 2320 4131 
41 1201 108532 2492 54206 56698 
77 3011 112229 2224 3000 5234 
78 3110 113656 2402 2722 5124 
13 0 116048 3725 100872 104598 
80 3135 117860 1665 2535 4204 
79 3132 118195 1874 4075 5966 
81 3223 118748 622 2078 2700 
84 3342 123326 2232 2346 4578 
31 740 124576 2966 87609 90578 
85 3410 125258 903 1029 1932 
25 410 127413 2350 96422 98778 
86 3475 128118 1764 1778 3542 
53 1773 129610 1906 57860 59785 
88 3500 129736 1145 1174 2323 
91 3584 131853 1243 874 2117 
89 3512 132443 1905 2420 4325 
92 3587 135154 1618 1680 3301 
93 3656 135497 1257 1797 3054 
95 3772 136042 355 190 545 
94 3744 139523 1532 2835 4369 
97 3805 140829 949 357 1306 
96 3777 140992 1945 3005 4950 
98 3807 143360 1468 1063 2531 
100 3918 147157 1716 2074 3797 
83 3244 148807 3570 27039 30612 
102 4047 149696 425 464 889 
101 3979 150546 1484 1902 3389 
99 3871 151872 2758 8122 10880 
105 4225 153693 617 1204 1821 
104 4165 154739 1566 2616 4193 
107 4299 155292 377 176 553 
103 4092 157458 1928 5825 7762 
106 4233 157983 2355 1935 4290 
110 4469 161157 1556 1618 3174 
108 4380 161927 1995 4640 6635 
111 4490 165448 2343 1948 4291 
112 4535 166157 2028 2194 4230 
82 3232 166831 1979 46992 48971 
115 4646 167895 658 406 1064 
113 4611 170331 1124 3758 4883 
117 4757 171220 398 491 889 
114 4642 172362 2249 3956 6205 
118 4832 173836 1069 1545 2616 
120 4953 175061 581 644 1225 
116 4722 177152 2842 6412 9257 
121 5020 178107 1557 1489 3046 
122 5100 179231 1010 1069 2079 
124 5240 179497 138 128 266 
123 5175 181744 1910 1723 3637 
126 5384 182361 440 177 617 
119 4931 182672 3418 6892 10310 
127 5412 183865 816 688 1504 
129 5483 183913 48 0 48 
130 5533 186606 1521 1172 2693 
131 5564 186643 37 0 37 
109 4411 189547 1877 30212 32089 
38 1083 192033 2529 146391 148920 
134 5741 193407 880 494 1374 
76 3002 194320 3298 87556 90862 
132 5584 197547 3054 7845 10904 
136 5868 198248 1725 2197 3928 
135 5783 198589 2752 2430 5182 
90 3536 202161 2159 70392 72551 
140 6008 203854 546 1146 1693 
138 5993 204169 3249 2672 5921 
141 6084 205801 769 1175 1947 
142 6105 211223 2555 4472 7054 
128 5448 211536 3858 25006 28864 
144 6232 213434 1022 1189 2211 
145 6234 213632 1375 721 2096 
147 6301 215041 547 862 1409 
148 6377 215372 253 78 331 
146 6263 217909 2522 1953 4475 
149 6443 218193 1449 1372 2821 
151 6513 221988 2052 1743 3795 
143 6196 223342 3666 13875 17541 
153 6619 224687 819 526 1345 
152 6520 225144 1470 1686 3156 
155 6728 229810 2319 2347 4666 
154 6670 230823 3426 2710 6136 
156 6774 232202 1335 1057 2392 
157 6853 232459 753 879 1636 
159 6955 234749 1021 1269 2290 
87 3486 235698 1859 108577 110440 
160 6958 236086 613 724 1337 
162 7063 236179 93 0 93 
163 7069 237887 907 801 1708 
161 6999 241166 1363 4105 5468 
158 6879 241513 2839 6464 9311 
165 7181 243419 1153 1100 2253 
164 7155 243743 2466 3390 5856 
166 7206 245886 1461 2909 4373 
169 7360 247836 774 1176 1950 
125 5308 250815 3256 68062 71318 
167 7266 251326 3599 4300 7907 
171 7450 251898 450 633 1083 
173 7585 253928 1141 889 2030 
168 7299 254569 3135 7689 10826 
174 7681 257739 1873 1933 3811 
172 7497 259339 1977 6026 8013 
175 7726 261087 2690 3828 6518 
177 7837 266242 2187 4711 6903 
178 7891 267360 2101 4166 6273 
176 7790 268160 3599 6819 10421 
180 7965 272380 2342 2678 5020 
182 8030 273912 578 954 1532 
183 8115 274060 137 11 148 
184 8148 274522 230 232 462 
179 7963 274846 3351 5253 8604 
185 8172 275769 735 512 1247 
181 8023 279478 3477 7841 11318 
186 8269 280478 1926 3702 5632 
189 8396 282106 1144 484 1628 
188 8375 282794 1685 1630 3316 
190 8491 283599 738 755 1493 
187 8324 285755 1800 8178 9986 
12 0 286932 3104 274710 277814 
193 8756 288371 1121 1495 2616 
194 8826 290224 1564 1728 3292 
195 8906 290877 1507 999 2506 
196 8921 293994 1653 2116 3770 
197 8923 295175 2675 1623 4298 
198 9015 296080 916 1170 2086 
200 9106 296234 154 0 154 
192 8658 299346 2631 13113 15747 
202 9173 300402 564 492 1056 
201 9148 302312 1886 4192 6078 
203 9211 302581 1301 878 2179 
204 9229 304450 1184 954 2138 
205 9276 305400 1482 1337 2819 
207 9381 305522 122 0 122 
137 5896 306945 748 108650 109398 
209 9507 309427 1520 962 2482 
206 9324 309834 2440 2944 5384 
150 6489 310856 1003 91944 92947 
212 9651 311128 138 134 272 
213 9711 311997 434 435 869 
211 9557 314144 1098 3210 4310 
210 9554 316207 2057 4723 6780 
214 9805 319031 3314 3713 7034 
215 9870 321383 3464 3775 7239 
216 9875 322703 1385 5095 6496 
219 9976 324989 818 1459 2286 
217 9944 327584 3148 5404 8553 
220 10009 328526 1982 1555 3537 
222 10100 330315 857 932 1789 
170 7419 333079 820 84423 85243 
224 10142 334831 1002 750 1752 
223 10104 335200 2544 2339 4885 
226 10258 337836 1126 1510 2636 
225 10166 340953 2913 3201 6122 
227 10275 341105 1847 1422 3269 
228 10279 341319 191 175 366 
230 10421 343242 1031 892 1923 
229 10352 345868 2144 2619 4763 
191 8565 346568 2664 61110 63774 
231 10489 346641 1959 1433 3399 
234 10597 348819 1065 1113 2178 
233 10538 349728 1715 1438 3160 
236 10732 354449 1671 3041 4721 
232 10503 357126 2910 8344 11258 
235 10654 357269 3456 4987 8450 
238 10759 357396 198 72 270 
240 10932 358810 626 788 1414 
237 10755 362744 2853 5442 8295 
241 10994 363569 2213 2545 4759 
243 11112 365651 611 1471 2082 
244 11147 367031 659 721 1380 
242 11018 367924 2700 2477 5180 
239 10837 370080 3113 9686 12811 
245 11203 371626 2341 2246 4595 
248 11308 376499 2398 2464 4873 
247 11292 376500 2731 3689 6420 
246 11249 377599 1533 8142 9675 
249 11338 379269 998 1757 2770 
252 11510 381886 1294 1323 2617 
251 11416 382399 2027 2773 4800 
254 11647 385489 1733 1357 3090 
255 11702 385613 109 15 124 
250 11344 386982 2801 7673 10482 
257 11740 389060 783 1285 2078 
208 9470 390235 2783 81922 84713 
259 11887 391536 545 755 1301 
256 11739 392348 2147 4580 6735 
261 12036 394214 805 1053 1866 
262 12090 394352 112 26 138 
260 11937 396413 2046 2826 4877 
263 12182 397232 619 2261 2880 
253 11549 398155 2119 14145 16269 
266 12314 401046 1298 1593 2891 
265 12290 401225 1639 2354 3993 
268 12496 404542 1781 1536 3317 
267 12408 405410 2291 2073 4364 
269 12520 407118 1182 1379 2576 
264 12205 410353 3044 10887 13940 
271 12620 410836 1848 1860 3718 
270 12556 411624 1401 4808 6214 
274 12713 412840 727 489 1216 
272 12653 416362 2075 3933 6009 
275 12730 417511 1977 2685 4671 
258 11829 417916 1866 26990 28856 
278 12838 419624 528 1180 1708 
276 12758 420267 1691 2214 3905 
277 12785 424525 1554 5460 7014 
279 12865 426938 2547 4749 7314 
280 12920 427383 3547 3569 7116 
283 13153 427710 132 195 327 
281 12991 428647 1113 3009 4122 
282 13054 432025 2375 2702 5087 
284 13165 432685 827 4148 4975 
285 13256 434300 3083 2570 5653 
286 13269 436709 1256 3428 4684 
289 13435 439357 1697 950 2648 
288 13360 439901 2404 3189 5601 
290 13474 441701 1386 958 2344 
287 13359 444494 3098 8711 11809 
293 13560 445230 393 343 736 
294 13651 447039 1087 722 1809 
291 13530 449357 2959 6497 9456 
295 13668 450776 2017 1720 3737 
297 13830 450785 9 0 9 
298 13835 451886 557 544 1101 
273 12691 453699 2559 40294 42863 
296 13760 455592 2293 3936 6235 
300 13957 456529 1645 1185 2830 
74 2868 458065 1434 355372 356806 
302 14062 458416 1021 859 1887 
301 13985 462544 2888 4056 6952 
305 14305 462875 149 182 331 
303 14133 464276 2301 3901 6211 
304 14223 464433 2042 3975 6017 
308 14553 467358 1452 1473 2925 
309 14567 467897 237 302 539 
307 14471 470015 2621 3111 5739 
310 14590 472825 2612 2316 4928 
311 14641 473478 1863 1600 3463 
306 14377 474635 1294 10466 11760 
313 14751 476095 1057 1560 2617 
315 14815 476606 310 201 511 
314 14814 477309 1626 1048 2674 
312 14711 481313 1081 7407 8488 
317 14966 481536 1774 2452 4227 
316 14883 482560 3226 2711 5954 
320 15082 484216 896 757 1656 
318 15003 485331 1384 2634 4018 
321 15114 485922 713 993 1706 
323 15135 486818 365 525 896 
324 15190 491372 2209 2335 4554 
319 15016 492879 3305 8035 11343 
325 15220 494372 1404 1596 3000 
327 15350 498314 2385 1557 3942 
326 15284 500171 2998 4294 7292 
328 15384 500589 1199 1076 2275 
329 15438 501124 482 471 953 
322 15117 502123 3370 13422 16792 
330 15527 502227 596 1024 1638 
333 15680 504120 619 1274 1893 
332 15611 505918 1694 2094 3795 
331 15539 506749 1790 3835 5625 
335 15819 509775 1325 2526 3857 
334 15738 511923 3018 4785 7803 
336 15887 512619 2749 3112 5870 
338 15951 515288 1648 1717 3365 
339 15958 519359 2285 4441 6740 
337 15896 521415 3250 8390 11640 
340 16020 522372 3099 3985 7084 
342 16073 525814 2017 2371 4399 
343 16147 528056 2518 3162 5684 
341 16051 528499 2294 6846 9140 
345 16231 531069 1273 1740 3013 
347 16328 531349 157 123 280 
348 16333 532971 446 1176 1622 
344 16165 533645 2006 5817 7831 
350 16391 534724 435 644 1079 
133 5648 536623 3659 343417 347076 
351 16402 539147 1700 2706 4423 
352 16433 541492 2427 2433 4869 
353 16498 546510 3483 3863 7363 
354 16509 546902 2772 2637 5410 
349 16364 549457 3056 13430 16486 
357 16753 553416 2184 1775 3959 
356 16663 556453 2878 6673 9551 
358 16844 557943 2310 2210 4527 
355 16572 559054 3237 9307 12544 
360 16994 560696 1390 1363 2753 
361 16999 562070 1901 1115 3016 
362 17030 562507 927 884 1811 
363 17114 565770 2082 1618 3700 
364 17171 569967 2981 4479 7460 
359 16940 570259 2753 11048 13806 
367 17305 573704 1293 2152 3445 
366 17301 575086 2375 2736 5119 
139 6007 576872 3247 375036 378283 
370 17333 578984 1200 912 2112 
368 17312 580895 3450 3741 7191 
369 17312 583411 526 7799 8325 
371 17345 584401 2965 2452 5417 
374 17500 584585 106 78 184 
372 17387 585796 1143 3758 4901 
376 17631 586723 444 483 927 
373 17409 587145 1108 2626 3734 
375 17544 588223 1916 1715 3638 
378 17740 589816 1619 1052 2671 
380 17862 589865 49 0 49 
381 17934 593234 1603 1766 3369 
379 17769 593445 2837 2385 5222 
377 17665 598321 1813 9785 11598 
383 17957 598994 2977 2572 5549 
384 18016 599199 371 507 878 
382 17941 603949 3310 7405 10715 
385 18092 603996 2382 2620 5002 
387 18206 604317 207 161 368 
389 18305 605951 893 741 1634 
388 18291 607699 1936 1767 3703 
386 18137 610927 1975 9747 11728 
390 18343 611707 1779 3977 5756 
391 18401 611743 1861 2183 4044 
393 18497 614942 1535 1695 3235 
395 18657 616881 792 1144 1939 
394 18566 619029 1773 5513 7286 
392 18408 620063 3637 5495 9136 
396 18679 620659 962 2816 3778 
399 18886 620694 35 0 35 
398 18802 623712 1207 2441 3649 
397 18710 624768 2851 2888 5739 
402 19032 629548 1196 3584 4780 
400 18893 631542 3642 7206 10848 
401 18950 632572 3281 5579 8860 
403 19092 634302 2325 2429 4754 
405 19185 637840 2621 2626 5268 
406 19225 640615 2836 3471 6313 
408 19351 641901 821 465 1286 
404 19094 645750 3853 10355 14208 
407 19316 646685 2576 6264 8845 
411 19534 648909 1308 916 2224 
412 19585 649554 385 260 645 
410 19455 649862 2008 2104 4112 
413 19665 655557 2581 3414 6003 
409 19412 657315 3737 11677 15414 
415 19742 659155 1721 1877 3598 
414 19699 661455 4150 7441 11593 
418 19873 662472 318 699 1017 
419 19904 662658 140 46 186 
417 19857 665233 2869 3204 6078 
421 19991 666440 580 627 1207 
416 19785 666448 2919 6209 9133 
423 20085 668971 1688 835 2523 
424 20135 669285 215 99 314 
422 20053 670001 1667 1894 3561 
425 20214 670628 662 681 1343 
427 20285 671019 288 103 391 
426 20218 671440 677 762 1439 
420 19932 676029 1380 11991 13371 
429 20372 677392 2857 3090 5952 
431 20470 678088 434 262 696 
430 20426 681161 2111 3010 5132 
428 20327 682187 2578 8590 11168 
432 20510 683442 2590 2764 5354 
434 20634 683693 633 873 1506 
435 20640 686660 1674 1544 3218 
436 20719 689336 3059 2583 5643 
437 20724 692721 2943 3115 6061 
438 20797 695052 2908 2807 5716 
439 20800 697997 3058 2218 5276 
440 20882 699950 2452 2446 4898 
441 20968 700810 1711 1102 2813 
442 21005 703935 1931 2054 3985 
433 20575 704713 2702 20850 23552 
445 21194 705207 283 211 494 
444 21123 707314 1887 1492 3379 
446 21257 710557 2794 2556 5350 
447 21322 711227 2339 1574 3913 
448 21363 716100 3063 2480 5543 
449 21447 716725 2799 2699 5498 
199 9040 718740 2580 420981 423565 
451 21602 721815 2266 2815 5090 
450 21527 723230 3439 3684 7130 
454 21730 723258 28 0 28 
452 21648 725377 2164 4467 6637 
456 21817 726321 628 316 944 
457 21868 727702 868 513 1381 
453 21655 729965 2475 5675 8150 
455 21792 732537 2937 6342 9279 
459 21943 736171 3038 3168 6206 
460 21974 736802 2352 1904 4265 
458 21879 739801 2284 9815 12099 
462 22080 740539 1787 1950 3737 
463 22170 740647 534 312 846 
465 22250 740765 118 0 118 
461 22055 743167 1871 5123 6996 
467 22288 747377 1017 3193 4210 
464 22175 747899 2817 4525 7360 
466 22282 751508 3669 7074 10743 
468 22341 753634 2660 3587 6257 
470 22407 753865 972 1372 2357 
471 22479 755569 875 1060 1935 
469 22402 757145 2702 6532 9246 
472 22514 758159 1627 2667 4294 
473 22533 758937 1333 2023 3368 
474 22566 761338 1792 2401 4193 
477 22739 764601 1783 1480 3263 
475 22605 765090 3307 3624 6931 
478 22837 766070 863 599 1469 
480 22905 766459 213 176 389 
476 22683 768337 1692 7708 9400 
482 23045 770589 962 1290 2252 
481 22991 774074 1891 5722 7615 
483 23094 774253 1940 1724 3664 
484 23122 777330 1665 1591 3256 
486 23179 778795 732 727 1465 
485 23131 780646 3119 3274 6393 
487 23230 780880 1076 1009 2085 
488 23283 783689 1430 1613 3043 
489 23364 783850 1751 1219 2970 
479 22849 784910 3476 16334 19820 
490 23392 785431 825 917 1742 
492 23479 788541 2142 1489 3631 
218 9966 790600 2927 466290 469217 
494 23569 793984 2868 2572 5443 
495 23585 794018 1665 1753 3418 
497 23675 797474 2016 1440 3456 
496 23652 798683 2332 2367 4699 
499 23804 801807 1467 1657 3124 
498 23731 802860 2879 2507 5386 
501 23881 805285 1084 1341 2425 
493 23539 806326 3161 17734 20895 
502 23945 807510 1046 1179 2225 
503 23949 807511 485 700 1185 
505 24040 810475 1511 1453 2964 
506 24128 811039 382 182 564 
500 23850 811074 3342 5923 9267 
507 24213 811124 43 42 85 
508 24253 816626 2876 2671 5552 
221 10046 817011 2028 487399 489427 
509 24280 817767 3061 3573 6643 
512 24412 818026 159 100 259 
510 24327 819374 1375 1373 2748 
514 24513 823685 1739 2571 4311 
511 24370 825756 3275 5470 8745 
515 24582 827851 2073 2093 4166 
516 24667 829661 2250 1655 3905 
517 24713 832806 2609 2346 4955 
519 24821 834551 918 827 1745 
518 24740 836171 3129 3377 6510 
521 24999 837735 599 965 1564 
520 24918 840203 2425 3222 5652 
522 25010 844965 2438 4776 7230 
523 25092 846006 3157 2638 5803 
524 25158 846588 970 653 1623 
292 13537 848654 3692 403261 406953 
525 25165 852255 2051 4188 6249 
526 25241 852862 2917 3350 6274 
528 25313 855174 1098 1816 2919 
529 25382 857134 2004 2268 4272 
527 25251 859830 2705 8453 11176 
531 25535 860619 1276 2209 3485 
530 25478 864010 3313 5517 8836 
534 25651 864971 407 554 961 
532 25547 865999 3105 3064 6169 
535 25703 866358 478 909 1387 
536 25726 869840 1863 1978 3841 
538 25866 871811 1007 964 1971 
537 25810 875710 3255 6084 9352 
533 25614 876112 3527 11966 15493 
539 25923 878090 3236 3043 6279 
542 26091 881803 1589 2124 3713 
299 13880 886012 2821 431305 434126 
544 26226 886050 38 0 38 
545 26290 886597 211 336 547 
543 26157 889279 3710 3756 7476 
540 26001 890959 2082 13161 15249 
546 26303 893358 2225 4536 6761 
549 26477 896087 1111 1611 2729 
548 26437 897736 3111 3666 6777 
550 26480 899031 1663 1281 2944 
551 26515 901782 1936 2110 4046 
552 26537 902911 2198 1682 3880 
553 26608 903646 1126 738 1864 
554 26678 907797 2299 2587 4886 
556 26774 909433 1125 511 1636 
555 26680 910627 3351 3616 6981 
558 26900 911231 417 187 604 
557 26828 911858 984 1441 2425 
560 26945 914149 976 1315 2291 
365 17233 914864 2454 346628 349094 
562 27014 916413 662 881 1549 
559 26936 917293 2834 3226 6062 
564 27172 921030 1824 1913 3737 
565 27202 922574 704 840 1544 
561 26963 922932 3547 5232 8783 
566 27206 925526 1285 1667 2952 
568 27382 925619 93 0 93 
563 27079 926002 1575 8014 9589 
570 27462 927201 497 702 1199 
567 27294 927686 2178 2574 4754 
569 27432 928761 821 2313 3142 
571 27476 929099 925 968 1898 
572 27546 932290 1439 3165 4604 
574 27641 934163 2283 2781 5064 
575 27691 934515 1262 963 2225 
577 27788 936948 1161 1268 2433 
576 27703 938838 2302 2373 4675 
579 27933 942976 2227 1911 4138 
578 27844 945053 2975 5126 8105 
580 27985 948374 3135 2263 5398 
581 28025 948663 1899 1711 3610 
583 28144 951437 1402 1372 2774 
582 28057 954609 3372 2863 6235 
585 28237 955484 495 380 875 
573 27573 956933 3604 24568 28172 
584 28224 957369 2634 3291 5932 
586 28332 960467 2288 2679 4983 
587 28376 964098 2609 4556 7165 
590 28529 964548 398 52 450 
589 28492 965931 2544 2920 5464 
588 28470 967991 2085 8536 10622 
593 28741 968533 236 306 542 
592 28649 969229 1016 2282 3298 
595 28824 971984 1290 1465 2755 
594 28824 972011 2117 1361 3478 
591 28564 974726 3232 6946 10178 
596 28860 976870 2149 2737 4886 
598 28951 976925 1448 751 2199 
599 29017 978503 803 830 1633 
600 29038 979038 1174 939 2113 
601 29125 979424 396 525 921 
443 21086 981775 1173 279792 280965 
602 29164 982474 1756 1678 3436 
603 29215 987568 3305 4839 8144 
606 29355 988057 348 141 489 
604 29253 990224 3642 4807 8449 
605 29260 991407 1474 7446 8933 
607 29395 992639 1490 3089 4582 
609 29451 992853 693 753 1446 
608 29422 994335 1547 2564 4111 
611 29513 998069 2517 2693 5216 
610 29470 999174 2351 4184 6535 
614 29580 999669 348 147 495 
613 29570 1003025 2596 2360 4956 
615 29590 1004528 2416 2443 4859 
616 29631 1007044 1620 2384 4019 
617 29640 1007507 1480 1499 2979 
619 29756 1011878 1101 3270 4371 
618 29690 1012179 2759 2376 5135 
621 29847 1013518 673 666 1339 
622 29927 1015017 802 697 1499 
620 29786 1015830 2108 1844 3952 
623 30013 1017422 1126 1279 2405 
625 30114 1017484 62 0 62 
626 30202 1020114 1239 1391 2630 
624 30031 1020358 2779 1749 4528 
612 29528 1020982 3198 23449 26647 
627 30216 1025852 1826 3896 5738 
629 30337 1027104 2698 3424 6122 
630 30418 1028677 1496 1329 2825 
628 30306 1030946 3254 7334 10588 
631 30433 1033461 2500 3843 6357 
633 30469 1036290 1821 3517 5344 
632 30449 1036853 2664 5507 8176 
634 30478 1038400 1694 3245 4939 
635 30508 1039345 1237 1816 3055 
638 30626 1043441 2323 1773 4096 
639 30722 1045902 1402 1059 2461 
636 30528 1047589 3376 7360 10736 
640 30819 1047612 1143 567 1710 
491 23450 1053586 3164 266568 269736 
641 30889 1053881 2975 3309 6292 
643 31050 1055828 1329 913 2242 
645 31075 1056739 461 450 911 
646 31170 1059748 1735 1274 3009 
647 31250 1060479 248 480 731 
642 30964 1061476 2163 11701 13864 
644 31052 1062218 3139 5193 8337 
504 23993 1064435 1552 255373 256925 
513 24436 1066261 2944 245271 248235 
650 31316 1067104 2205 2681 4886 
651 31409 1067749 1319 1988 3314 
652 31476 1068171 837 1068 1910 
654 31599 1068527 385 393 778 
656 31624 1069319 472 320 792 
657 31688 1069638 170 149 319 
655 31622 1070100 999 930 1929 
659 31820 1070248 80 68 148 
658 31779 1070875 665 572 1237 
661 31913 1071122 29 218 247 
662 31987 1071641 258 261 519 
660 31886 1073993 2019 1726 3745 
653 31511 1074636 1604 5928 7532 
665 32213 1078214 1834 1744 3578 
666 32306 1079478 457 801 1264 
663 32056 1079819 2645 5526 8178 
668 32375 1081861 930 1107 2042 
664 32150 1082745 2382 6361 8752 
667 32338 1087235 3411 4343 7757 
670 32500 1090927 3149 5028 8182 
671 32594 1094408 2970 4201 7173 
672 32627 1095292 2178 2179 4365 
669 32460 1095977 3065 11047 14116 
675 32758 1097363 833 553 1386 
676 32776 1098052 467 222 689 
674 32747 1098553 1487 1774 3261 
678 32784 1099620 482 585 1067 
679 32803 1103559 2084 1855 3939 
673 32718 1103772 1105 8259 9364 
680 32829 1106389 1366 1464 2830 
677 32778 1109911 2739 9120 11859 
682 32945 1109971 1716 1855 3582 
681 32854 1110269 3537 2960 6497 
685 33155 1115787 2422 3096 5518 
684 33072 1116643 2374 4293 6672 
686 33254 1119432 1394 2245 3645 
683 33009 1119716 2660 7140 9805 
688 33347 1121259 952 875 1827 
690 33418 1123271 1193 819 2012 
689 33410 1124060 1783 2561 4344 
687 33286 1124394 2260 5488 7751 
691 33424 1130148 3113 3764 6877 
692 33493 1131736 2987 4689 7676 
695 33636 1134445 1633 1071 2709 
693 33531 1134668 1986 8271 10274 
697 33744 1135913 546 699 1245 
694 33595 1136079 2405 3523 5931 
698 33761 1138298 856 1529 2385 
699 33767 1141117 2393 2645 5038 
696 33665 1144363 2620 7288 9918 
701 33800 1146593 3288 2188 5476 
702 33826 1147296 1410 1523 2933 
703 33872 1148031 814 624 1438 
700 33797 1151256 2449 10508 12958 
704 33951 1152787 2976 2505 5491 
706 34045 1153031 978 797 1775 
708 34119 1156839 1955 1853 3808 
707 34050 1156868 2271 1810 4081 
709 34183 1158076 633 604 1237 
710 34228 1159694 1326 1490 2826 
711 34283 1163958 3074 2808 5882 
712 34336 1165381 3058 2619 5687 
714 34358 1166529 395 753 1148 
713 34342 1169115 1873 3284 5157 
715 34443 1173582 2957 4092 7053 
716 34453 1175005 2985 2905 5890 
718 34591 1175290 238 47 285 
719 34685 1175373 83 0 83 
720 34708 1176058 331 354 685 
721 34778 1178566 1341 1167 2508 
717 34527 1178746 2710 2454 5164 
723 34907 1180247 1031 470 1501 
722 34866 1180878 902 1410 2312 
541 26065 1184225 3407 304706 308113 
726 35001 1184428 148 55 203 
724 34915 1185646 2594 2795 5399 
547 26338 1186401 1949 295173 297122 
728 35042 1188478 995 1837 2832 
727 35019 1189190 2385 2377 4762 
730 35161 1190590 1217 895 2112 
732 35233 1196324 2806 2923 5734 
733 35287 1198207 1131 752 1883 
729 35127 1199136 2345 10390 12735 
734 35313 1202976 2535 2234 4769 
731 35205 1203407 3925 10291 14217 
736 35453 1204835 1052 807 1859 
738 35514 1206393 778 780 1558 
739 35520 1206515 122 0 122 
740 35562 1208327 783 1029 1812 
741 35630 1211455 1558 1567 3128 
737 35485 1212313 3898 5008 8906 
743 35740 1215298 1861 1124 2985 
742 35718 1217779 3026 3298 6324 
745 35864 1218344 228 337 565 
744 35791 1219375 2170 1907 4077 
746 35962 1221310 1769 1197 2966 
735 35380 1222074 3302 19626 22938 
747 36049 1223257 1127 2755 3882 
750 36160 1224959 754 932 1702 
749 36127 1225084 865 2145 3010 
752 36302 1226173 536 553 1089 
748 36068 1227352 2830 3212 6042 
753 36347 1228518 1221 1124 2345 
754 36387 1228636 684 600 1284 
756 36456 1230973 1068 1269 2337 
751 36239 1231868 1836 5073 6909 
758 36582 1231920 52 0 52 
757 36549 1236073 2455 2645 5100 
346 16260 1236700 1703 706498 708201 
755 36440 1239873 3640 7700 11355 
760 36684 1240061 1353 2625 3988 
763 36821 1242064 912 1091 2003 
761 36740 1242275 1836 3739 5575 
764 36888 1245721 1593 2064 3657 
762 36741 1246114 2255 3986 6241 
766 36998 1248415 1584 1110 2694 
767 37030 1251091 2404 2573 4977 
768 37060 1253002 2781 1806 4587 
769 37093 1255877 2165 2621 4786 
765 36910 1257166 1622 13269 14891 
771 37173 1262222 3013 3327 6345 
772 37198 1262503 2569 2768 5337 
774 37280 1265409 1369 1524 2906 
773 37200 1266098 1475 2401 3876 
775 37284 1267452 994 1049 2043 
776 37332 1268468 1080 1290 2370 
777 37342 1269626 1236 938 2174 
597 28908 1272801 2808 297982 300790 
779 37481 1274508 1540 3342 4882 
778 37402 1274620 2945 3196 6152 
781 37580 1275627 510 609 1119 
780 37567 1279153 1766 4586 6352 
782 37672 1279709 2664 2425 5089 
784 37780 1281036 901 982 1883 
786 37849 1281654 256 362 618 
783 37691 1281931 2079 4223 6304 
788 37901 1282465 200 334 534 
789 37958 1283379 404 510 914 
787 37891 1284454 1045 1753 2800 
785 37786 1287773 2325 5738 8064 
791 38023 1288258 1831 1973 3804 
637 30530 1289696 2222 249074 251296 
793 38096 1290812 1308 1237 2554 
792 38051 1292225 1601 2841 4452 
794 38160 1296147 2273 4178 6451 
796 38300 1297862 2042 3589 5637 
795 38237 1299384 3055 5506 8572 
799 38446 1301428 1229 815 2044 
800 38536 1304335 1634 1273 2907 
798 38409 1305657 3262 4533 7795 
802 38699 1308758 1735 1366 3101 
801 38635 1311464 3346 3783 7129 
648 31262 1314884 2232 252164 254405 
803 38734 1314989 3156 3063 6231 
806 38958 1316713 585 1139 1724 
804 38825 1320044 2647 5933 8580 
807 39050 1320520 1271 2531 3807 
809 39212 1320711 102 89 191 
805 38898 1320990 2609 3491 6106 
808 39146 1321487 305 1132 1443 
810 39237 1323365 1113 1541 2654 
813 39394 1323665 218 82 300 
814 39405 1325960 1425 870 2295 
812 39303 1326663 1988 3176 5176 
816 39557 1327583 401 519 920 
811 39275 1328371 1445 5916 7381 
818 39612 1329103 430 302 732 
815 39479 1329237 1519 1753 3277 
819 39618 1331686 1043 1540 2583 
820 39679 1333872 2667 1961 4635 
817 39599 1336057 2000 6473 8474 
823 39809 1336554 289 208 497 
821 39768 1337323 1194 4436 5637 
824 39870 1340587 1925 2101 4033 
822 39801 1340810 2553 4385 6938 
825 39956 1344413 1944 5146 7090 
827 40000 1346035 2086 3139 5225 
829 40041 1348647 1026 1586 2612 
649 31294 1351309 2153 287680 289833 
830 40135 1352494 1405 2436 3847 
831 40137 1352769 439 1021 1460 
828 40009 1353334 2833 6070 8921 
834 40238 1356396 1715 1347 3062 
835 40246 1356791 218 177 395 
832 40153 1360566 3802 4270 8072 
705 33981 1361568 3327 210210 213537 
836 40280 1363130 3477 2862 6339 
838 40287 1364260 1181 1511 2692 
840 40325 1367545 1538 1738 3285 
841 40333 1368660 800 315 1115 
837 40282 1371696 2902 8213 11130 
839 40289 1372855 3497 6228 9725 
842 40341 1379290 3010 7611 10630 
844 40471 1379705 3478 3372 6850 
846 40616 1381925 1156 1053 2220 
725 34949 1383086 1849 200359 202208 
845 40554 1385220 2439 3491 5930 
847 40630 1385413 1386 2099 3488 
850 40866 1390035 1914 2699 4622 
851 40939 1390244 156 53 209 
848 40718 1390557 2041 5413 7471 
853 41077 1390976 191 228 419 
852 40988 1391306 362 700 1062 
759 36651 1394915 1210 161780 162995 
855 41145 1395487 2210 1971 4181 
857 41290 1397974 1332 1155 2487 
856 41202 1399020 2098 2007 4105 
858 41293 1400271 1265 1032 2297 
854 41085 1404060 3574 9501 13084 
860 41345 1406428 2951 3196 6157 
862 41428 1406811 268 115 383 
861 41377 1409338 2607 2668 5278 
859 41308 1410623 2503 9100 11603 
864 41529 1411055 704 1013 1717 
863 41457 1414692 3080 4791 7881 
866 41637 1417463 2972 3436 6408 
867 41736 1419718 2828 2198 5026 
868 41821 1421237 1973 1800 3774 
865 41573 1423016 1060 11327 12393 
871 41926 1423427 239 172 411 
872 41960 1424537 674 436 1110 
869 41859 1427889 2871 5293 8171 
870 41863 1428602 2866 4489 7365 
873 41989 1432992 3312 5116 8455 
874 42076 1435106 2322 4895 7217 
875 42091 1439780 3367 7811 11178 
877 42212 1439793 2039 2639 4687 
878 42218 1443185 1869 1536 3405 
876 42131 1443745 3274 7473 10753 
881 42325 1444565 243 577 820 
879 42267 1445218 2381 3033 5425 
880 42293 1446510 1003 2314 3325 
884 42377 1451997 2960 2521 5487 
883 42339 1454216 2743 6255 8998 
882 42339 1455207 3572 7070 10642 
887 42482 1455811 252 352 604 
885 42474 1457383 2679 2707 5386 
888 42550 1459905 2084 2010 4094 
886 42474 1464450 3064 7170 10234 
890 42645 1466570 2942 3723 6665 
770 37167 1466848 2603 211242 213846 
790 37959 1468557 1412 183766 185178 
894 42815 1469967 589 817 1410 
797 38369 1470513 1924 172442 174366 
896 43008 1473115 1276 1326 2602 
895 42911 1473408 1859 1582 3441 
897 43048 1475569 940 1514 2454 
893 42748 1475787 2827 6112 8939 
898 43055 1477374 1394 2563 3966 
901 43202 1478323 261 688 949 
900 43140 1478576 1083 1706 2789 
899 43086 1480517 1794 3137 4948 
904 43300 1484006 1621 1868 3489 
905 43355 1484748 455 287 742 
906 43388 1485390 395 247 642 
902 43226 1486600 4079 4198 8277 
908 43481 1489980 2164 1216 3380 
907 43473 1490505 2209 2906 5115 
910 43534 1493009 1418 1086 2504 
909 43500 1496155 3246 2929 6175 
826 39978 1496763 3533 152630 156176 
912 43587 1499542 1549 1833 3387 
913 43646 1502050 2251 3028 5287 
833 40173 1503027 1044 149214 150258 
903 43272 1503508 3064 21849 24932 
915 43797 1503897 804 1037 1847 
917 43877 1507254 695 3051 3746 
919 43993 1507365 111 0 111 
920 44058 1507592 115 112 227 
921 44144 1510198 1189 1412 2606 
922 44167 1511962 1005 759 1764 
918 43952 1512989 3419 5673 9092 
916 43838 1514481 3175 8279 11454 
923 44175 1516064 1966 2126 4102 
926 44277 1518429 1185 1180 2365 
924 44179 1520244 1501 5754 7255 
925 44211 1520860 2646 3724 6379 
927 44322 1522129 1802 1898 3700 
930 44469 1522764 436 199 635 
929 44429 1525657 1881 2907 4797 
932 44556 1527728 1062 1009 2071 
931 44470 1528330 3097 2469 5566 
928 44408 1529744 1702 7798 9500 
934 44682 1531525 2017 1178 3195 
935 44746 1532050 1061 1245 2306 
936 44763 1538153 2845 3768 6628 
933 44595 1538321 3351 7233 10593 
938 44834 1538630 243 234 477 
939 44924 1540254 828 1101 1933 
940 44958 1542295 1263 2402 3665 
937 44804 1543182 2857 8274 11132 
941 45023 1544168 798 3116 3914 
944 45116 1544399 231 0 231 
942 45066 1549226 1595 5336 6931 
946 45235 1549774 296 252 548 
947 45272 1550022 149 99 248 
945 45200 1550742 3350 2986 6343 
943 45085 1551387 2702 5493 8205 
948 45316 1553033 985 2026 3011 
951 45491 1553215 182 0 182 
949 45374 1555594 1882 2968 4852 
953 45616 1558782 1504 1684 3188 
952 45567 1561036 3136 4681 7821 
954 45681 1563481 1308 3388 4699 
955 45730 1564230 1707 1487 3194 
950 45433 1565026 3666 9964 13639 
958 45934 1567961 1510 1425 2935 
959 46013 1568346 326 59 385 
957 45857 1570449 2120 4099 6219 
956 45820 1571225 1979 5761 7744 
961 46176 1573425 1289 1687 2976 
963 46356 1574513 577 511 1088 
960 46086 1575342 2514 4472 6996 
962 46268 1576530 2077 3222 5305 
964 46445 1576679 677 1489 2166 
967 46584 1577178 280 219 499 
965 46482 1579183 1075 2766 3841 
966 46576 1581204 2188 2482 4674 
968 46681 1581483 1084 3219 4305 
969 46720 1581515 747 1579 2332 
970 46739 1582780 411 1165 1576 
971 46780 1583257 882 892 1774 
973 46853 1585262 1351 1131 2482 
975 47017 1587177 609 1306 1915 
972 46817 1590357 3850 4992 8842 
977 47129 1591157 419 381 800 
974 46949 1591755 2806 5688 8498 
978 47207 1593420 1322 941 2263 
843 40378 1596182 3473 221013 224486 
979 47212 1597904 2762 3377 6149 
980 47230 1599290 1982 3888 5870 
982 47324 1600003 1128 971 2099 
981 47294 1601083 712 4189 4901 
985 47403 1601215 132 0 132 
984 47357 1602335 893 1429 2332 
987 47476 1602364 29 0 29 
983 47353 1602681 1626 1765 3391 
986 47407 1606701 1605 3881 5486 
989 47544 1606871 1457 2733 4190 
988 47530 1607715 1772 3579 5351 
992 47746 1609224 794 715 1509 
993 47749 1614360 2501 2625 5136 
991 47655 1614535 1908 5756 7664 
994 47792 1616367 1012 995 2007 
996 47878 1617385 366 652 1018 
990 47575 1617817 2993 8123 11116 
995 47870 1620627 3244 2848 6092 
998 48021 1624471 2582 4072 6654 
999 48024 1625953 1787 3539 5326 
889 42626 1627328 2244 167698 169945 
849 40807 1628050 3415 239405 242830 
892 42741 1628766 863 161333 162196 
891 42675 1629876 1850 163576 165426 
911 43557 1631148 2731 135408 138139 
997 47935 1634239 2563 14289 16854 
976 47033 1634335 1974 45184 47158 
914 43742 1634975 2977 132448 135433 
