FCFS 
ID Tempo_de_Chegada Tempo_de_finalizacao Tempo_de_Processamento Tempo_de_Espera Tempo_de_Turnaround 
8 0 5649 670 4979 5649 
5 0 7785 776 7009 7785 
3 0 11081 1471 9602 11081 
4 0 11123 1313 9797 11123 
7 0 11547 1093 10454 11547 
2 0 12081 1136 10932 12081 
1 0 14135 1972 12153 14135 
10 0 18262 1414 11193 12613 
14 0 22135 1093 9495 10588 
15 0 22882 1153 9648 10801 
6 0 23614 2955 20655 23614 
0 0 25659 2753 22903 25659 
19 70 25695 200 2613 2813 
18 42 26500 508 3857 4365 
9 0 26704 2675 24025 26704 
21 121 32043 656 5728 6384 
23 290 34552 888 7164 8052 
12 0 35411 3104 21226 24330 
22 203 36901 1305 9901 11206 
28 580 38106 216 989 1205 
16 0 39271 2238 22898 25136 
27 521 40527 565 4551 5116 
11 0 40539 3754 28995 32754 
32 838 41661 71 1051 1122 
24 386 42427 1178 14537 15723 
29 650 42623 139 4372 4517 
13 0 44519 3725 29670 33396 
20 79 44577 2207 18756 20963 
35 903 45174 302 2249 2551 
26 501 45586 1079 9947 11034 
30 673 46078 836 5971 6807 
17 7 47228 3091 25875 28966 
25 410 50367 2350 15969 18324 
34 882 52865 1008 9430 10438 
40 1137 59803 1057 12664 13725 
37 998 62056 1705 15774 17479 
42 1275 63482 1444 11671 13115 
38 1083 63844 2529 16141 18670 
31 740 64056 2966 20563 23529 
36 987 65818 1821 19478 21299 
45 1349 65892 350 3486 3836 
44 1339 67718 817 7098 7915 
41 1201 68694 2492 18974 21466 
52 1732 69644 57 893 950 
50 1670 70712 540 4280 4820 
33 866 72804 2983 28159 31143 
43 1298 74742 1603 20261 21877 
55 1886 75257 190 2263 2453 
39 1085 75732 3828 26316 30146 
46 1430 75968 1275 11211 12486 
59 2123 80395 599 3828 4427 
48 1523 81091 2127 14901 17035 
60 2149 81970 212 1363 1575 
51 1719 85315 2082 15511 17597 
49 1573 85860 2084 17958 20042 
62 2282 87489 576 4938 5519 
47 1520 88913 2518 22542 25069 
54 1807 90449 2214 17508 19737 
53 1773 91934 1906 20362 22290 
61 2213 92668 1450 10127 11577 
64 2338 92965 824 6280 7105 
58 2071 95384 2301 17351 19652 
56 1977 95817 2125 18950 21075 
69 2600 97166 330 4168 4498 
70 2634 99758 567 6226 6793 
57 2027 103956 2934 25755 28699 
67 2483 104208 1919 11840 13759 
63 2332 109062 2733 21014 23747 
66 2451 109265 2338 18007 20352 
65 2360 110093 2697 19907 22604 
74 2868 113064 1434 11872 13306 
71 2728 113419 2159 15876 18035 
72 2784 113693 1771 16098 17876 
73 2790 117655 2124 18365 20489 
68 2502 119845 2653 25255 27911 
75 2953 120857 1808 15090 16901 
81 3223 121111 622 7070 7692 
80 3135 127966 1665 13232 14902 
85 3410 128960 903 7200 8103 
82 3232 129799 1979 14127 16106 
77 3011 130014 2224 18718 20952 
76 3002 130897 3298 23383 26689 
78 3110 131845 2402 20178 22580 
79 3132 132748 1874 20764 22655 
84 3342 139917 2232 17840 20072 
88 3500 140670 1145 10561 11710 
86 3475 140796 1764 17910 19685 
93 3656 142428 1257 8423 9680 
91 3584 143265 1243 11125 12368 
95 3772 145405 355 4380 4735 
87 3486 145558 1859 15733 17592 
92 3587 146650 1618 13178 14805 
83 3244 147842 3570 26614 30187 
97 3805 148822 949 5445 6394 
89 3512 148905 1905 17201 19106 
90 3536 151529 2159 19356 21515 
102 4047 152926 425 4659 5084 
94 3744 154337 1532 12886 14420 
98 3807 155620 1468 10887 12355 
105 4225 155914 617 3768 4385 
107 4299 157234 377 2520 2897 
101 3979 157757 1484 9620 11107 
96 3777 159412 1945 16671 18616 
100 3918 161267 1716 13986 15709 
104 4165 163429 1566 12947 14524 
103 4092 167161 1928 16402 18339 
109 4411 171114 1877 13322 15200 
99 3871 171302 2758 23129 25897 
113 4611 171467 1124 9075 10200 
110 4469 172877 1556 14087 15643 
115 4646 174040 658 6221 6879 
106 4233 174325 2355 19044 21399 
111 4490 175658 2343 15558 17901 
117 4757 175799 398 4099 4497 
108 4380 177271 1995 19647 21651 
112 4535 177290 2028 15842 17878 
124 5240 178884 138 1475 1613 
120 4953 180790 581 6169 6750 
126 5384 182825 440 3501 3941 
118 4832 183804 1069 11266 12337 
122 5100 184515 1010 7847 8857 
129 5483 184727 48 875 923 
131 5564 185722 37 958 995 
127 5412 187315 816 5705 6525 
121 5020 187629 1557 11747 13304 
134 5741 192617 880 4108 4988 
114 4642 193538 2249 27857 30109 
123 5175 194279 1910 16566 18480 
116 4722 196559 2842 22600 25445 
130 5533 199186 1521 13150 14671 
137 5896 199360 748 4333 5081 
119 4931 203652 3418 27355 30775 
140 6008 208042 546 8135 8682 
125 5308 208497 3256 27951 31207 
136 5868 210467 1725 15198 16929 
132 5584 214121 3054 25340 28399 
128 5448 214263 3858 27580 31438 
141 6084 214508 769 10084 10856 
135 5783 214984 2752 19615 22367 
148 6377 217501 253 2264 2517 
133 5648 218444 3659 27470 31129 
144 6232 221117 1022 9628 10650 
147 6301 222004 547 6949 7496 
145 6234 223141 1375 7645 9020 
138 5993 225236 3249 25428 28677 
150 6489 227562 1003 8115 9118 
139 6007 228008 3247 25575 28822 
153 6619 231751 819 7791 8610 
149 6443 233591 1449 14641 16090 
146 6263 238012 2522 21227 23749 
152 6520 238034 1470 14560 16030 
151 6513 238324 2052 15155 17207 
156 6774 238693 1335 9350 10685 
142 6105 238701 2555 28077 30659 
157 6853 238889 753 6381 7138 
162 7063 240061 93 1275 1368 
143 6196 240525 3666 28362 32028 
160 6958 243003 613 4356 4969 
159 6955 248320 1021 9287 10308 
163 7069 249116 907 9508 10415 
165 7181 250234 1153 9020 10173 
155 6728 251082 2319 21201 23520 
161 6999 251302 1363 11615 12978 
154 6670 254634 3426 25972 29398 
166 7206 255843 1461 13854 15318 
171 7450 255995 450 4463 4913 
170 7419 256533 820 5473 6299 
169 7360 258792 774 8902 9676 
164 7155 258949 2466 17594 20060 
158 6879 262290 2839 25852 28699 
173 7585 264046 1141 8271 9412 
167 7266 270072 3599 23462 27069 
172 7497 270451 1977 17162 19149 
174 7681 276617 1873 18896 20774 
183 8115 277911 137 1157 1294 
178 7891 278527 2101 17471 19578 
182 8030 278777 578 7748 8326 
168 7299 279576 3135 28119 31256 
184 8148 280001 230 1854 2090 
177 7837 280834 2187 19850 22042 
175 7726 282732 2690 24045 26737 
185 8172 284918 735 5656 6391 
180 7965 285580 2342 19192 21534 
176 7790 286835 3599 26700 30302 
179 7963 288851 3351 23210 26561 
189 8396 290102 1144 8124 9268 
190 8491 290717 738 7247 7985 
181 8023 294365 3477 20816 24293 
193 8756 295997 1121 8041 9162 
187 8324 296311 1800 14927 16735 
188 8375 296654 1685 14958 16653 
200 9106 298039 154 1231 1385 
186 8269 299644 1926 18937 20867 
194 8826 303866 1564 13451 15015 
198 9015 303939 916 7026 7942 
202 9173 304707 564 4499 5063 
195 8906 305143 1507 13534 15041 
191 8565 305209 2664 17627 20291 
207 9381 306229 122 898 1020 
196 8921 313607 1653 21236 22890 
203 9211 313925 1301 8758 10059 
197 8923 314784 2675 17744 20419 
192 8658 315281 2631 27070 29701 
204 9229 315679 1184 10556 11740 
201 9148 316319 1886 16394 18280 
212 9651 318062 138 2643 2781 
199 9040 318438 2580 19543 22127 
205 9276 318911 1482 12722 14204 
213 9711 320209 434 4096 4530 
211 9557 325574 1098 9692 10790 
209 9507 325779 1520 10652 12172 
206 9324 327700 2440 20117 22557 
210 9554 331744 2057 15762 17819 
216 9875 332343 1385 12504 13905 
219 9976 336284 818 9892 10710 
208 9470 337688 2783 28668 31459 
222 10100 339543 857 6942 7799 
214 9805 341548 3314 21908 25229 
220 10009 343435 1982 15672 17656 
228 10279 345027 191 1401 1592 
218 9966 346865 2927 23729 26656 
224 10142 347392 1002 10106 11108 
217 9944 347867 3148 25808 28956 
221 10046 348242 2028 18514 20542 
215 9870 348921 3464 27395 30859 
226 10258 350719 1126 10050 11176 
223 10104 354659 2544 19769 22316 
230 10421 356424 1031 8528 9559 
227 10275 358020 1847 14625 16472 
238 10759 360135 198 1917 2115 
234 10597 360312 1065 10326 11391 
231 10489 363630 1959 14279 16238 
233 10538 364121 1715 14157 15879 
229 10352 364839 2144 17668 19812 
240 10932 366451 626 5513 6139 
225 10166 367142 2913 26535 29454 
243 11112 370243 611 4793 5404 
236 10732 371261 1671 14922 16602 
232 10503 372766 2910 21985 24899 
244 11147 374686 659 7576 8235 
237 10755 377977 2853 18700 21553 
235 10654 379849 3456 25658 29130 
246 11249 381558 1533 9782 11315 
249 11338 386451 998 10749 11765 
245 11203 387113 2341 17622 19971 
239 10837 387388 3113 24134 27253 
241 10994 388506 2213 22663 24876 
255 11702 389722 109 2225 2334 
252 11510 392603 1294 9751 11045 
242 11018 394296 2700 27462 30175 
247 11292 395303 2731 21311 24042 
248 11308 395890 2398 20715 23124 
251 11416 398548 2027 16672 18699 
262 12090 399505 112 845 957 
250 11344 399632 2801 18844 21655 
254 11647 399769 1733 10923 12656 
257 11740 400073 783 9558 10351 
259 11887 401926 545 7082 7630 
261 12036 404561 805 7858 8671 
263 12182 405037 619 4913 5532 
253 11549 407350 2119 18775 20899 
256 11739 408315 2147 17654 19809 
258 11829 409934 1866 15465 17331 
265 12290 412103 1639 10695 12334 
266 12314 412930 1298 11559 12857 
269 12520 415581 1182 9347 10544 
274 12713 419025 727 5368 6095 
268 12496 419309 1781 12967 14748 
267 12408 419690 2291 15473 17764 
260 11937 421192 2046 23838 25889 
270 12556 421812 1401 13056 14462 
278 12838 423350 528 3132 3660 
271 12620 426457 1848 16284 18142 
264 12205 427483 3044 24798 27851 
272 12653 428345 2075 16327 18411 
283 13153 430388 132 2773 2905 
281 12991 431729 1113 7266 8379 
277 12785 433851 1554 12988 14542 
284 13165 434840 827 5668 6495 
275 12730 435283 1977 17716 19702 
276 12758 437526 1691 16810 18501 
273 12691 439391 2559 24719 27288 
286 13269 442523 1256 9530 10794 
290 13474 446212 1386 7300 8686 
289 13435 448123 1697 11142 12840 
279 12865 449616 2547 25859 28424 
280 12920 450321 3547 24962 28509 
293 13560 450899 393 4294 4687 
282 13054 452023 2375 23175 25566 
297 13830 452110 9 1202 1211 
294 13651 456940 1087 7730 8817 
285 13256 457253 3083 23782 26865 
298 13835 458807 557 6227 6784 
288 13360 461083 2404 23831 26243 
287 13359 461279 3098 24330 27428 
291 13530 464720 2959 22370 25329 
295 13668 466901 2017 15260 17285 
305 14305 467191 149 2322 2471 
302 14062 468149 1021 8312 9342 
296 13760 471114 2293 18494 20793 
300 13957 471142 1645 12557 14202 
292 13537 473639 3692 27424 31116 
309 14567 474340 237 2989 3226 
306 14377 476138 1294 7943 9237 
299 13880 477330 2821 22399 25220 
301 13985 481758 2888 21609 24505 
308 14553 482102 1452 12501 13953 
304 14223 483727 2042 20406 22448 
312 14711 483748 1081 8327 9408 
315 14815 484143 310 2075 2385 
303 14133 486791 2301 23398 25708 
313 14751 488956 1057 11761 12818 
314 14814 490102 1626 11146 12772 
311 14641 490952 1863 15450 17313 
307 14471 492543 2621 22717 25352 
310 14590 495215 2612 21461 24073 
321 15114 495526 713 5857 6570 
320 15082 495865 896 8175 9074 
323 15135 496408 365 5085 5456 
318 15003 497254 1384 12122 13506 
329 15438 501287 482 3551 4033 
317 14966 502266 1774 16764 18539 
328 15384 505217 1199 7610 8809 
330 15527 509962 596 8061 8675 
325 15220 510095 1404 13476 14880 
316 14883 510553 3226 25212 28451 
324 15190 513972 2209 19210 21429 
333 15680 514261 619 3680 4299 
319 15016 514574 3305 27126 30431 
331 15539 515334 1790 11278 13068 
327 15350 516235 2385 17985 20370 
322 15117 518623 3370 25151 28521 
332 15611 519270 1694 12352 14053 
326 15284 524459 2998 25935 28933 
335 15819 524603 1325 12719 14050 
338 15951 530056 1648 13830 15482 
339 15958 535943 2285 18310 20609 
334 15738 538211 3018 25098 28116 
342 16073 538421 2017 17123 19151 
347 16328 539476 157 1108 1265 
336 15887 540225 2749 23498 26253 
344 16165 541025 2006 14408 16422 
341 16051 541221 2294 20304 22598 
345 16231 543299 1273 11970 13243 
337 15896 544250 3250 26739 29989 
348 16333 544433 446 5566 6012 
350 16391 545268 435 4608 5043 
340 16020 546343 3099 27009 30108 
346 16260 547972 1703 10326 12029 
343 16147 548772 2518 21791 24313 
351 16402 559159 1700 16417 18134 
357 16753 565996 2184 17469 19653 
349 16364 566556 3056 24024 27080 
352 16433 567091 2427 23434 25870 
358 16844 570478 2310 20189 22506 
354 16509 570492 2772 23469 26242 
359 16940 571777 2753 20247 23005 
360 16994 571844 1390 11295 12685 
356 16663 572193 2878 24047 26925 
355 16572 574233 3237 26563 29800 
353 16498 574358 3483 27559 31059 
362 17030 576743 927 9260 10187 
369 17312 577992 526 3233 3759 
370 17333 582783 1200 7225 8425 
363 17114 583086 2082 13913 15995 
367 17305 584628 1293 11491 12784 
374 17500 584734 106 1542 1648 
361 16999 584770 1901 16873 18774 
372 17387 588537 1143 9402 10545 
376 17631 591659 444 6481 6925 
373 17409 595367 1108 11476 12584 
380 17862 596472 49 1056 1105 
366 17301 596480 2375 22320 24703 
364 17171 597814 2981 24355 27336 
365 17233 597823 2454 24865 27331 
377 17665 599853 1813 13270 15083 
368 17312 601259 3450 25616 29066 
371 17345 601419 2965 21711 24676 
378 17740 601556 1619 11400 13019 
384 18016 602390 371 4196 4567 
387 18206 602597 207 971 1178 
375 17544 603009 1916 16458 18381 
389 18305 610701 893 7418 8311 
381 17934 614904 1603 16829 18432 
388 18291 617410 1936 13918 15854 
391 18401 617537 1861 12667 14528 
379 17769 617586 2837 23090 25927 
386 18137 617885 1975 14645 16626 
390 18343 619577 1779 15201 16980 
396 18679 624762 962 6214 7176 
383 17957 625137 2977 24346 27323 
382 17941 625798 3310 26000 29318 
399 18886 625866 35 1069 1104 
385 18092 627871 2382 25636 28018 
395 18657 628584 792 10252 11047 
393 18497 629498 1535 13054 14594 
394 18566 630747 1773 11564 13337 
398 18802 633683 1207 12898 14106 
402 19032 635643 1196 8581 9777 
392 18408 640098 3637 25756 29397 
408 19351 641172 821 4708 5529 
401 18950 650260 3281 21181 24462 
403 19092 650629 2325 20433 22758 
397 18710 650709 2851 29973 32824 
412 19585 655762 385 4748 5133 
400 18893 657321 3642 28542 32184 
405 19185 658819 2621 26677 29321 
407 19316 660252 2576 23988 26569 
406 19225 660505 2836 26911 29758 
411 19534 660677 1308 9109 10417 
404 19094 660785 3853 28348 32201 
410 19455 661990 2008 18810 20818 
419 19904 662967 140 2150 2290 
418 19873 665988 318 5165 5483 
421 19991 667760 580 5190 5770 
424 20135 669303 215 1328 1543 
409 19412 669767 3737 25932 29669 
420 19932 671662 1380 9497 10877 
415 19742 673014 1721 13972 15693 
427 20285 673760 288 1810 2098 
413 19665 676408 2581 23118 25699 
426 20218 676586 677 6142 6819 
425 20214 677574 662 7609 8271 
423 20085 679912 1688 12236 13924 
431 20470 680610 434 3590 4024 
422 20053 683982 1667 19348 21015 
417 19857 687640 2869 24514 27388 
416 19785 687648 2919 25901 28829 
414 19699 688279 4150 28365 32517 
434 20634 688526 633 7283 7916 
428 20327 692137 2578 16545 19123 
429 20372 698303 2857 21681 24543 
432 20510 698477 2590 18313 20903 
435 20640 700495 1674 14839 16513 
430 20426 704172 2111 25641 27764 
433 20575 704710 2702 22096 24798 
445 21194 707247 283 2254 2537 
443 21086 708807 1173 7139 8312 
441 20968 713447 1711 13433 15144 
439 20800 715334 3058 23750 26808 
436 20719 715608 3059 24908 27968 
440 20882 716532 2452 21943 24395 
437 20724 717027 2943 26434 29379 
442 21005 717510 1931 17102 19033 
438 20797 717578 2908 26390 29299 
454 21730 718520 28 914 942 
444 21123 719988 1887 13929 15816 
456 21817 725897 628 5281 5909 
447 21322 729454 2339 18308 20647 
446 21257 734997 2794 24952 27750 
457 21868 735905 868 9140 10008 
451 21602 737530 2266 18723 20998 
452 21648 737909 2164 18712 20882 
448 21363 740528 3063 24018 27081 
453 21655 742171 2475 22186 24661 
455 21792 742263 2937 20806 23743 
449 21447 742531 2799 24398 27197 
465 22250 743749 118 1368 1486 
450 21527 745394 3439 26340 29786 
463 22170 745894 534 4832 5366 
458 21879 748140 2284 16402 18686 
467 22288 750665 1017 5899 6916 
462 22080 753291 1787 13595 15382 
460 21974 758507 2352 20234 22602 
461 22055 758924 1871 19521 21394 
470 22407 759415 972 10291 11275 
471 22479 760854 875 9314 10189 
459 21943 761313 3038 23278 26316 
464 22175 768673 2817 23670 26502 
472 22514 769576 1627 14658 16285 
466 22282 771584 3669 25384 29053 
476 22683 772521 1692 9975 11667 
473 22533 772755 1333 12903 14248 
480 22905 772968 213 1171 1384 
468 22341 774340 2660 26276 28946 
474 22566 775697 1792 14981 16773 
477 22739 775936 1783 12840 14623 
469 22402 776387 2702 27779 30493 
478 22837 776589 863 7046 7916 
482 23045 780484 962 6767 7729 
486 23179 782099 732 5425 6163 
487 23230 786590 1076 9127 10203 
484 23122 789433 1665 13428 15093 
490 23392 789671 825 6747 7572 
475 22605 789821 3307 27099 30406 
481 22991 790276 1891 15862 17755 
483 23094 790677 1940 15769 17709 
488 23283 793167 1430 15148 16578 
489 23364 798655 1751 16420 18171 
479 22849 799343 3476 26281 29767 
485 23131 803858 3119 25042 28161 
492 23479 807219 2142 15644 17786 
495 23585 807959 1665 16018 17683 
497 23675 808990 2016 13807 15823 
491 23450 813096 3164 23338 26506 
499 23804 814413 1467 13603 15070 
496 23652 815102 2332 22093 24425 
494 23569 816851 2868 24149 27030 
503 23949 817059 485 7584 8069 
502 23945 817257 1046 8252 9298 
506 24128 817441 382 1957 2339 
507 24213 817906 43 1012 1055 
501 23881 818815 1084 10512 11596 
512 24412 821081 159 2107 2266 
493 23539 821192 3161 28351 31521 
504 23993 825291 1552 10643 12195 
498 23731 828641 2879 27104 29986 
510 24327 831355 1375 12539 13914 
505 24040 831761 1511 15837 17348 
500 23850 833762 3342 26562 29904 
514 24513 835061 1739 12129 13869 
519 24821 841954 918 7274 8192 
508 24253 842767 2876 22827 25708 
511 24370 844765 3275 23584 26859 
509 24280 845077 3061 24750 27820 
515 24582 846360 2073 18996 21069 
521 24999 846887 599 4334 4933 
513 24436 847137 2944 23092 26056 
516 24667 851468 2250 20577 22827 
524 25158 853859 970 7812 8782 
517 24713 853996 2609 20032 22641 
520 24918 854511 2425 17020 19450 
518 24740 855718 3129 20824 23957 
528 25313 863294 1098 10723 11826 
522 25010 864194 2438 18973 21427 
531 25535 865310 1276 9523 10799 
525 25165 867758 2051 19334 21398 
523 25092 870315 3157 22385 25550 
534 25651 870420 407 5819 6226 
529 25382 872373 2004 16510 18514 
535 25703 872576 478 6788 7266 
527 25251 875389 2705 25529 28252 
526 25241 876613 2917 26802 29726 
538 25866 879574 1007 8147 9154 
536 25726 883743 1863 14122 15985 
544 26226 885098 38 1317 1355 
530 25478 885513 3313 28202 31517 
532 25547 886092 3105 27269 30374 
545 26290 889525 211 4216 4427 
533 25614 890886 3527 24065 27592 
540 26001 892963 2082 18299 20387 
542 26091 894781 1589 16579 18168 
539 25923 901159 3236 25550 28786 
537 25810 901677 3255 28090 31362 
549 26477 902123 1111 10119 11237 
546 26303 903745 2225 16007 18232 
547 26338 904100 1949 16059 18008 
541 26065 905390 3407 26594 30001 
550 26480 906884 1663 12258 13921 
558 26900 909473 417 2172 2589 
543 26157 909728 3710 26434 30154 
556 26774 913204 1125 7979 9104 
553 26608 913484 1126 10681 11807 
548 26437 915988 3111 23352 26463 
557 26828 916621 984 10247 11231 
551 26515 917667 1936 20950 22886 
562 27014 920536 662 6384 7052 
560 26945 921624 976 10920 11896 
552 26537 921897 2198 18540 20738 
568 27382 923104 93 1114 1207 
554 26678 924256 2299 19834 22133 
565 27202 924972 704 6601 7305 
563 27079 927758 1575 10195 11770 
570 27462 930070 497 5317 5814 
569 27432 930181 821 6248 7077 
564 27172 931822 1824 13377 15201 
555 26680 933015 3351 25905 29270 
571 27476 935710 925 9813 10738 
566 27206 935963 1285 14142 15427 
559 26936 938651 2834 26342 29178 
561 26963 940865 3547 24110 27661 
572 27546 941838 1439 12641 14080 
575 27691 942457 1262 9373 10635 
567 27294 944524 2178 20720 22900 
574 27641 948514 2283 16050 18333 
577 27788 948824 1161 11949 13114 
576 27703 952683 2302 17366 19668 
585 28237 954044 495 4725 5220 
579 27933 959818 2227 18931 21167 
583 28144 960065 1402 14139 15541 
573 27573 960120 3604 26446 30050 
581 28025 960175 1899 16438 18337 
590 28529 962118 398 1600 1998 
578 27844 964224 2975 25279 28261 
580 27985 967175 3135 23175 26310 
593 28741 968634 236 4174 4410 
592 28649 972147 1016 9013 10029 
582 28057 972505 3372 26676 30048 
584 28224 974899 2634 23744 26385 
586 28332 976268 2288 21281 23585 
587 28376 979072 2609 22411 25028 
588 28470 981036 2085 19132 21218 
595 28824 982684 1290 12760 14050 
591 28564 983375 3232 19968 23200 
599 29017 983598 803 6527 7330 
594 28824 984942 2117 15650 17767 
601 29125 985194 396 3762 4158 
589 28492 986978 2544 24369 26913 
606 29355 987845 348 2303 2651 
598 28951 988370 1448 12023 13471 
600 29038 988709 1174 8463 9637 
597 28908 994633 2808 19320 22128 
596 28860 995048 2149 20752 22901 
609 29451 996670 693 7607 8300 
602 29164 998829 1756 14387 16145 
605 29260 1001371 1474 14937 16429 
607 29395 1001755 1490 13284 14777 
614 29580 1002256 348 3079 3427 
608 29422 1002284 1547 12892 14439 
610 29470 1008423 2351 17363 19714 
603 29215 1010490 3305 23810 27115 
604 29253 1013670 3642 26421 30072 
617 29640 1015385 1480 11649 13129 
619 29756 1018610 1101 9086 10187 
621 29847 1020086 673 5743 6416 
611 29513 1020467 2517 23311 25834 
613 29570 1021631 2596 22360 24961 
625 30114 1022059 62 1530 1592 
622 29927 1022209 802 6022 6824 
612 29528 1022481 3198 24235 27433 
615 29590 1023226 2416 19439 21855 
616 29631 1023569 1620 20179 21814 
620 29786 1026073 2108 13475 15583 
618 29690 1027067 2759 22024 24783 
623 30013 1031368 1126 11632 12758 
626 30202 1034300 1239 11430 12669 
627 30216 1037317 1826 13416 15258 
630 30418 1037432 1496 12710 14206 
624 30031 1041705 2779 18840 21619 
633 30469 1042282 1821 13385 15215 
634 30478 1044819 1694 11757 13451 
629 30337 1045456 2698 20277 22975 
635 30508 1047039 1237 11495 12739 
631 30433 1050782 2500 24699 27213 
632 30449 1052138 2664 23396 26065 
628 30306 1052907 3254 27444 30698 
640 30819 1053895 1143 7933 9076 
645 31075 1056770 461 3402 3863 
639 30722 1057002 1402 13318 14720 
647 31250 1060351 248 3330 3581 
637 30530 1061547 2222 21893 24115 
643 31050 1063480 1329 11369 12698 
642 30964 1063884 2163 14682 16845 
638 30626 1064051 2323 20023 22346 
646 31170 1067874 1735 12244 13979 
636 30528 1069011 3376 28318 31694 
654 31599 1070793 385 2534 2919 
652 31476 1071872 837 7146 7988 
657 31688 1072913 170 871 1041 
641 30889 1073789 2975 25350 28333 
656 31624 1074479 472 3214 3686 
659 31820 1075254 80 1385 1465 
661 31913 1077438 29 2153 2184 
655 31622 1077979 999 7969 8968 
650 31316 1078212 2205 14460 16665 
649 31294 1078342 2153 15838 17991 
651 31409 1078420 1319 13611 14940 
653 31511 1080206 1604 14551 16155 
662 31987 1080934 258 3238 3496 
658 31779 1081099 665 7514 8186 
648 31262 1081566 2232 22322 24564 
644 31052 1081971 3139 26689 29833 
666 32306 1083848 457 4965 5428 
668 32375 1091893 930 10024 10959 
665 32213 1092847 1834 12671 14505 
660 31886 1093827 2019 17329 19348 
663 32056 1100581 2645 19950 22602 
673 32718 1101409 1105 8411 9516 
675 32758 1101880 833 7220 8053 
664 32150 1102034 2382 21431 23822 
672 32627 1103575 2178 17541 19727 
676 32776 1105492 467 4444 4911 
669 32460 1107486 3065 23318 26387 
678 32784 1107638 482 5276 5758 
670 32500 1108173 3149 23453 26607 
667 32338 1110349 3411 26729 30143 
671 32594 1111165 2970 26222 29194 
674 32747 1111750 1487 17416 18903 
680 32829 1114597 1366 9656 11022 
679 32803 1119185 2084 15067 17151 
688 33347 1123751 952 8202 9154 
686 33254 1124783 1394 12218 13618 
677 32778 1125726 2739 21577 24317 
682 32945 1125841 1716 16623 18355 
687 33286 1129721 2260 15708 17971 
685 33155 1130507 2422 17736 20158 
681 32854 1132832 3537 23803 27340 
683 33009 1134021 2660 23713 26383 
684 33072 1134208 2374 23656 26035 
690 33418 1134420 1193 9476 10669 
689 33410 1137336 1783 16368 18151 
697 33744 1139972 546 5405 5951 
698 33761 1141939 856 6875 7731 
693 33531 1144765 1986 16921 18924 
695 33636 1146343 1633 14190 15836 
691 33424 1149695 3113 21799 24912 
703 33872 1149797 814 4218 5032 
702 33826 1154793 1410 11444 12854 
699 33767 1155034 2393 18221 20614 
694 33595 1156420 2405 24291 26699 
692 33493 1156638 2987 27925 30912 
706 34045 1159832 978 9057 10035 
700 33797 1160504 2449 20718 23168 
709 34183 1161899 633 4846 5479 
696 33665 1163136 2620 27674 30304 
714 34358 1167132 395 3601 3996 
701 33800 1168458 3288 25198 28486 
710 34228 1170277 1326 12303 13639 
704 33951 1172264 2976 22935 25921 
708 34119 1173942 1955 16953 18908 
705 33981 1174214 3327 21192 24519 
718 34591 1174540 238 2038 2276 
719 34685 1175243 83 1218 1301 
707 34050 1176370 2271 19303 21577 
720 34708 1178233 331 3688 4019 
713 34342 1179855 1873 16073 17956 
723 34907 1185332 1031 7931 8962 
712 34336 1186477 3058 22905 25973 
726 35001 1186625 148 1145 1293 
722 34866 1186629 902 10484 11386 
711 34283 1188437 3074 25531 28605 
721 34778 1188479 1341 12598 13939 
717 34527 1192135 2710 19148 21858 
716 34453 1194100 2985 22657 25642 
728 35042 1195596 995 7976 8971 
715 34443 1197382 2957 27289 30250 
725 34949 1197413 1849 15709 17558 
730 35161 1198201 1217 8547 9764 
733 35287 1202583 1131 7352 8483 
724 34915 1206077 2594 25240 27844 
736 35453 1206861 1052 8396 9448 
739 35520 1207353 122 1154 1276 
738 35514 1207833 778 4472 5250 
729 35127 1211247 2345 22273 24618 
727 35019 1212270 2385 23406 25793 
740 35562 1217563 783 9919 10702 
734 35313 1217877 2535 19746 22281 
732 35233 1221005 2806 26059 28870 
731 35205 1221188 3925 28783 32709 
745 35864 1221350 228 3557 3787 
741 35630 1224547 1558 15636 17194 
743 35740 1226677 1861 13569 15430 
735 35380 1227506 3302 26812 30124 
737 35485 1228718 3898 26619 30517 
749 36127 1230536 865 8321 9186 
744 35791 1230587 2170 16147 18317 
746 35962 1231788 1769 12142 13911 
747 36049 1232102 1127 9970 11097 
752 36302 1233619 536 5572 6113 
750 36160 1234424 754 9107 9877 
758 36582 1234898 52 1227 1279 
742 35718 1237385 3026 26526 29552 
754 36387 1237504 684 6284 6968 
753 36347 1239387 1221 9448 10669 
751 36239 1242690 1836 14177 16013 
756 36456 1243995 1068 11139 12207 
748 36068 1244754 2830 20736 23566 
759 36651 1246527 1210 10888 12103 
760 36684 1247131 1353 10874 12233 
763 36821 1250956 912 10657 11569 
761 36740 1253550 1836 14329 16165 
764 36888 1255786 1593 11503 13096 
757 36549 1255946 2455 21389 23844 
762 36741 1256780 2255 17021 19276 
765 36910 1258169 1622 12552 14174 
755 36440 1259712 3640 25480 29125 
766 36998 1260178 1584 13840 15424 
775 37284 1267207 994 6501 7495 
768 37060 1270752 2781 20840 23621 
773 37200 1270784 1475 12529 14004 
770 37167 1272047 2603 15893 18497 
767 37030 1273036 2404 24105 26509 
769 37093 1273089 2165 19968 22133 
774 37280 1273805 1369 14257 15636 
776 37332 1275687 1080 14429 15509 
781 37580 1276853 510 3307 3817 
772 37198 1279246 2569 20724 23300 
777 37342 1281192 1236 12749 13985 
779 37481 1281689 1540 9365 10905 
786 37849 1281953 256 2451 2707 
771 37173 1284381 3013 25577 28595 
784 37780 1284937 901 8349 9250 
788 37901 1285045 200 3156 3356 
780 37567 1286891 1766 13078 14844 
789 37958 1287554 404 5197 5601 
782 37672 1292447 2664 16694 19358 
787 37891 1292798 1045 10559 11606 
778 37402 1293815 2945 20107 23063 
783 37691 1294210 2079 18324 20405 
785 37786 1296266 2325 17087 19413 
793 38096 1299596 1308 11388 12705 
790 37959 1300213 1412 14420 15832 
792 38051 1303658 1601 17002 18613 
794 38160 1306981 2273 17144 19427 
799 38446 1307054 1229 9559 10788 
797 38369 1307510 1924 11771 13695 
791 38023 1308318 1831 21550 23381 
800 38536 1310977 1634 9747 11381 
796 38300 1312320 2042 17474 19522 
806 38958 1315472 585 6569 7154 
809 39212 1316770 102 1196 1298 
808 39146 1317088 305 4457 4768 
802 38699 1318339 1735 12946 14681 
798 38409 1320043 3262 22571 25833 
813 39394 1321589 218 1328 1546 
795 38237 1323211 3055 27697 30764 
807 39050 1327921 1271 15668 16944 
804 38825 1329054 2647 19353 22000 
801 38635 1329760 3346 26201 29547 
810 39237 1330118 1113 12235 13348 
816 39557 1330363 401 2041 2442 
811 39275 1330850 1445 12282 13762 
814 39405 1332655 1425 9641 11066 
818 39612 1332847 430 2657 3087 
815 39479 1333700 1519 8964 10489 
805 38898 1334125 2609 23999 26615 
803 38734 1334550 3156 24397 27569 
823 39809 1335294 289 2157 2447 
819 39618 1341580 1043 10419 11462 
821 39768 1343496 1194 11441 12646 
812 39303 1344649 1988 24303 26310 
817 39599 1349568 2000 18513 20514 
824 39870 1349772 1925 14140 16072 
829 40041 1351963 1026 7441 8467 
827 40000 1352198 2086 14818 16904 
825 39956 1352775 1944 16706 18650 
831 40137 1353434 439 3427 3866 
820 39679 1353896 2667 20859 23533 
835 40246 1355312 218 2319 2537 
822 39801 1355977 2553 20769 23322 
830 40135 1360646 1405 14586 15997 
833 40173 1360878 1044 7871 8915 
834 40238 1365376 1715 11463 13178 
826 39978 1365626 3533 27535 31076 
841 40333 1366505 800 4827 5627 
828 40009 1368668 2833 24237 27088 
838 40287 1369983 1181 13490 14671 
840 40325 1379377 1538 17178 18731 
836 40280 1379981 3477 23070 26547 
832 40153 1380165 3802 26591 30393 
837 40282 1382856 2902 26035 28960 
846 40616 1383968 1156 12818 13985 
851 40939 1384993 156 869 1025 
839 40289 1385379 3497 25905 29402 
853 41077 1388109 191 2531 2730 
852 40988 1388928 362 3573 3935 
842 40341 1392382 3010 23987 27006 
843 40378 1393846 3473 24747 28220 
845 40554 1394091 2439 22984 25423 
847 40630 1394609 1386 13845 15232 
844 40471 1397783 3478 27800 31278 
850 40866 1401083 1914 16304 18227 
848 40718 1404651 2041 22612 24670 
858 41293 1404871 1265 9515 10780 
857 41290 1405999 1332 10821 12153 
862 41428 1407440 268 2521 2789 
855 41145 1410536 2210 19398 21608 
864 41529 1411375 704 4672 5376 
849 40807 1411527 3415 27934 31362 
856 41202 1413969 2098 19489 21587 
859 41308 1414787 2503 17675 20178 
865 41573 1418491 1060 9985 11051 
854 41085 1419532 3574 27840 31423 
871 41926 1420840 239 2110 2349 
872 41960 1423853 674 3647 4321 
860 41345 1427491 2951 26747 29708 
868 41821 1429684 1973 16183 18157 
861 41377 1429873 2607 26180 28790 
863 41457 1433668 3080 25707 28797 
867 41736 1436925 2828 22722 25550 
866 41637 1437558 2972 24050 27022 
869 41859 1438173 2871 21326 24204 
881 42325 1439681 243 1265 1508 
870 41863 1442746 2866 25081 27959 
880 42293 1445418 1003 6849 7860 
873 41989 1449732 3312 25553 28892 
878 42218 1450151 1869 14610 16483 
874 42076 1450788 2322 24613 26935 
877 42212 1451372 2039 19451 21499 
887 42482 1453011 252 1971 2223 
875 42091 1456547 3367 25689 29056 
876 42131 1457143 3274 24169 27459 
879 42267 1464051 2381 24734 27126 
883 42339 1468407 2743 22918 25661 
888 42550 1469629 2084 16173 18257 
882 42339 1470561 3572 27308 30880 
892 42741 1472120 863 7206 8069 
891 42675 1472356 1850 13363 15213 
884 42377 1472614 2960 24230 27196 
889 42626 1473007 2244 17752 19996 
885 42474 1473241 2679 20830 23509 
894 42815 1477318 589 7096 7689 
901 43202 1479713 261 2134 2395 
897 43048 1480891 940 7595 8535 
890 42645 1481383 2942 21894 24836 
886 42474 1482102 3064 28887 31951 
896 43008 1484272 1276 10876 12152 
900 43140 1484470 1083 10146 11229 
905 43355 1484803 455 2246 2701 
898 43055 1485134 1394 11117 12520 
895 42911 1487071 1859 14651 16510 
906 43388 1488806 395 4139 4534 
893 42748 1492290 2827 21056 23883 
904 43300 1495167 1621 12163 13784 
899 43086 1498433 1794 23615 25426 
910 43534 1499861 1418 11372 12790 
908 43481 1502603 2164 15636 17800 
912 43587 1509312 1549 15468 17022 
915 43797 1509720 804 9049 9859 
902 43226 1510447 4079 26655 30734 
911 43557 1511403 2731 19866 22597 
903 43272 1511673 3064 27699 30782 
919 43993 1511784 111 1226 1337 
907 43473 1512081 2209 25402 27611 
909 43500 1512821 3246 24441 27687 
920 44058 1513867 115 2344 2464 
917 43877 1514478 695 4471 5166 
913 43646 1516040 2251 18614 20873 
922 44167 1519468 1005 6679 7684 
914 43742 1523653 2977 22235 25220 
921 44144 1524280 1189 11413 12607 
926 44277 1526174 1185 10511 11696 
930 44469 1527107 436 2391 2827 
924 44179 1528743 1501 14421 15922 
916 43838 1530708 3175 24930 28105 
923 44175 1534161 1966 20104 22080 
925 44211 1535549 2646 19036 21682 
928 44408 1535780 1702 14610 16312 
927 44322 1535996 1802 18154 19956 
938 44834 1537540 243 1301 1544 
918 43952 1537787 3419 24648 28067 
932 44556 1540332 1062 12163 13225 
939 44924 1544084 828 5712 6544 
940 44958 1545600 1263 6550 7813 
935 44746 1546788 1061 11566 12627 
929 44429 1547798 1881 22255 24145 
944 45116 1548177 231 1158 1389 
934 44682 1548282 2017 15557 17574 
941 45023 1549403 798 8273 9071 
947 45272 1550909 149 2478 2627 
946 45235 1551896 296 3423 3719 
931 44470 1553336 3097 24065 27162 
951 45491 1555004 182 1486 1668 
942 45066 1555246 1595 9567 11162 
948 45316 1556045 985 5657 6642 
933 44595 1558702 3351 26599 29959 
937 44804 1561543 2857 22905 25763 
936 44763 1565088 2845 26684 29539 
953 45616 1567091 1504 10341 11845 
949 45374 1567717 1882 14924 16808 
959 46013 1570043 326 2000 2326 
954 45681 1571991 1308 14633 15946 
955 45730 1574733 1707 14324 16031 
943 45085 1574979 2702 26665 29379 
945 45200 1577274 3350 26119 29476 
963 46356 1579867 577 4311 4888 
957 45857 1581766 2120 14558 16678 
958 45934 1582359 1510 13758 15268 
964 46445 1582508 677 4557 5234 
950 45433 1582843 3666 27272 30947 
956 45820 1583657 1979 20130 22114 
952 45567 1584052 3136 25908 29048 
967 46584 1585334 280 2695 2975 
961 46176 1586193 1289 12913 14202 
970 46739 1587626 411 3558 3969 
960 46086 1591606 2514 19049 21563 
965 46482 1592308 1075 11366 12441 
962 46268 1592883 2077 16067 18150 
971 46780 1593021 882 8087 8969 
968 46681 1593275 1084 9681 10767 
969 46720 1593307 747 9711 10464 
973 46853 1597280 1351 9736 11087 
977 47129 1597759 419 4457 4876 
966 46576 1598541 2188 14587 16775 
975 47017 1599895 609 7670 8289 
978 47207 1601781 1322 7438 8760 
985 47403 1603182 132 1269 1401 
981 47294 1603990 712 5998 6710 
987 47476 1605067 29 1048 1077 
982 47324 1610654 1128 11767 12895 
976 47033 1610905 1974 16623 18597 
974 46949 1611583 2806 21147 23957 
984 47357 1612551 893 11753 12656 
980 47230 1613441 1982 18146 20134 
983 47353 1614984 1626 14817 16443 
972 46817 1615829 3850 26645 30495 
986 47407 1615928 1605 11141 12746 
992 47746 1617658 794 4313 5107 
988 47530 1617888 1772 11049 12821 
979 47212 1618679 2762 22632 25404 
996 47878 1622318 366 6024 6390 
989 47544 1623428 1457 11317 12774 
994 47792 1624095 1012 8099 9111 
991 47655 1629879 1908 16388 18296 
999 48024 1630486 1787 10020 11807 
990 47575 1632713 2993 18815 21808 
997 47935 1633727 2563 13504 16069 
993 47749 1634244 2501 18292 20803 
998 48021 1634884 2582 14414 16996 
995 47870 1634945 3244 15872 19116 
