RR 
ID Tempo_de_Chegada Tempo_de_finalizacao Tempo_de_Processamento Tempo_de_Espera Tempo_de_Turnaround 
8 0 6193 670 5520 6193 
5 0 7159 776 6383 7159 
7 0 10312 1093 9215 10312 
2 0 10587 1136 9451 10587 
4 0 12191 1313 10876 12191 
3 0 13512 1471 12029 13512 
1 0 18042 1972 16060 18042 
10 0 19369 1414 11762 13176 
14 0 22532 1093 9243 10341 
15 0 24397 1153 9732 10885 
9 0 25089 2675 22407 25089 
0 0 25622 2753 22866 25622 
19 70 26400 200 1803 2003 
18 42 27221 508 4181 4689 
6 0 27275 2955 24312 27275 
21 121 31672 656 5390 6050 
23 290 35456 888 7344 8235 
22 203 38444 1305 10739 12044 
24 386 38644 1178 10184 11369 
12 0 39031 3104 25595 28719 
16 0 39257 2238 18972 21215 
28 580 40504 216 1644 1860 
29 650 40541 139 1371 1510 
32 838 41256 71 644 715 
11 0 42068 3754 31145 34909 
27 521 43638 565 4629 5194 
13 0 45285 3725 30967 34698 
26 501 45574 1079 9029 10118 
20 79 45693 2207 18397 20604 
35 903 46396 302 2456 2758 
30 673 47078 836 6985 7821 
17 7 48447 3091 25981 29078 
34 882 51535 1008 8459 9467 
25 410 53358 2350 19334 21686 
40 1137 57252 1057 9104 10174 
37 998 61627 1705 14341 16053 
36 987 62592 1821 15479 17307 
44 1339 64860 817 6791 7608 
42 1275 64921 1444 11936 13386 
45 1349 64931 350 2954 3304 
31 740 67935 2966 24465 27431 
43 1298 68831 1603 13869 15473 
38 1083 68869 2529 20639 23176 
33 866 69300 2983 25045 28044 
52 1732 69377 57 451 508 
41 1201 71586 2492 20641 23139 
50 1670 73011 540 4528 5076 
55 1886 73322 190 1546 1736 
46 1430 74555 1275 10682 11963 
39 1085 81628 3828 31403 35232 
48 1523 84451 2127 17395 19530 
49 1573 84453 2084 17438 19522 
60 2149 86331 212 1668 1880 
59 2123 87148 599 4921 5520 
53 1773 87420 1906 16198 18120 
51 1719 88134 2082 17210 19303 
47 1520 88337 2518 20955 23477 
54 1807 89919 2214 18309 20542 
62 2282 91700 576 4793 5369 
56 1977 92797 2125 17622 19786 
64 2338 95067 824 6810 7647 
58 2071 95729 2301 18856 21174 
69 2600 95949 330 2822 3152 
61 2213 97756 1450 11849 13303 
70 2634 100363 567 4729 5296 
57 2027 100791 2934 24505 27469 
67 2483 107283 1919 15445 17364 
66 2451 109935 2338 19257 21598 
72 2784 112505 1771 14785 16556 
63 2332 112506 2733 22620 25358 
65 2360 113026 2697 22188 24892 
74 2868 113665 1434 11868 13302 
71 2728 115476 2159 17579 19747 
68 2502 116583 2653 22227 24883 
75 2953 117528 1808 14929 16737 
73 2790 117550 2124 17670 19794 
81 3223 119532 622 5245 5867 
85 3410 126086 903 7633 8536 
80 3135 128502 1665 13806 15476 
79 3132 130401 1874 16013 17895 
77 3011 130767 2224 18587 20832 
82 3232 133731 1979 16276 18255 
78 3110 134843 2402 19928 22338 
86 3475 136191 1764 14893 16659 
76 3002 137830 3298 27227 30547 
84 3342 138381 2232 18621 20853 
88 3500 139139 1145 9488 10637 
95 3772 141874 355 3138 3493 
87 3486 143300 1859 15355 17214 
91 3584 145290 1243 10316 11559 
93 3656 147788 1257 10340 11597 
89 3512 148331 1905 16010 17930 
83 3244 149560 3570 29402 32977 
92 3587 149973 1618 13511 15130 
97 3805 150643 949 7820 8769 
90 3536 150940 2159 18007 20173 
94 3744 152281 1532 12905 14451 
102 4047 153519 425 3534 3959 
105 4225 156532 617 4975 5592 
98 3807 156807 1468 12039 13507 
107 4299 156982 377 3080 3463 
96 3777 157240 1945 16152 18101 
101 3979 161781 1484 11962 13450 
100 3918 163728 1716 14224 15940 
104 4165 165141 1566 12932 14498 
103 4092 167879 1928 15976 17906 
99 3871 170830 2758 22757 25540 
110 4469 171364 1556 12825 14382 
109 4411 173910 1877 15219 17103 
115 4646 173957 658 5420 6078 
106 4233 173986 2355 19335 21705 
113 4611 174007 1124 9147 10279 
117 4757 175184 398 3422 3820 
108 4380 175212 1995 16685 18680 
111 4490 178805 2343 19222 21565 
120 4953 179425 581 4858 5439 
124 5240 180064 138 1121 1259 
112 4535 180712 2028 16899 18931 
126 5384 183998 440 3494 3934 
118 4832 184017 1069 9019 10107 
129 5483 184558 48 493 541 
122 5100 184588 1010 8394 9404 
131 5564 184908 37 283 320 
114 4642 186715 2249 19323 21574 
127 5412 188174 816 6646 7462 
121 5020 188338 1557 12774 14331 
123 5175 193127 1910 16005 17915 
134 5741 196300 880 7246 8126 
116 4722 197381 2842 23693 26551 
130 5533 198787 1521 12704 14229 
137 5896 203090 748 6042 6790 
119 4931 205729 3418 28337 31772 
140 6008 208353 546 4708 5263 
136 5868 209280 1725 14398 16153 
125 5308 209735 3256 27046 30310 
141 6084 213058 769 6560 7329 
132 5584 213428 3054 25466 28520 
135 5783 213778 2752 22683 25440 
147 6301 219079 547 4754 5301 
144 6232 219337 1022 8580 9602 
128 5448 219693 3858 31835 35695 
133 5648 220739 3659 30365 34024 
148 6377 221545 253 2213 2466 
145 6234 225679 1375 11246 12621 
138 5993 227516 3249 26886 30135 
139 6007 228979 3247 26945 30192 
150 6489 229083 1003 8387 9390 
142 6105 232671 2555 21738 24318 
149 6443 233035 1449 12239 13698 
153 6619 233186 819 6688 7507 
152 6520 235345 1470 12328 13800 
146 6263 237107 2522 21140 23679 
151 6513 239748 2052 16953 19009 
157 6853 239799 753 6375 7128 
162 7063 240556 93 715 808 
160 6958 241037 613 5079 5692 
156 6774 241244 1335 10826 12161 
159 6955 242712 1021 8505 9526 
143 6196 243361 3666 30415 34081 
163 7069 248396 907 7690 8597 
161 6999 249829 1363 11359 12722 
155 6728 250620 2319 19322 21641 
165 7181 251894 1153 9704 10857 
171 7450 254771 450 3701 4151 
166 7206 255068 1461 12363 13824 
169 7360 255797 774 6627 7401 
170 7419 257224 820 6565 7395 
154 6670 259122 3426 28166 31606 
158 6879 259580 2839 23706 26545 
164 7155 263313 2466 20284 22757 
173 7585 265366 1141 9454 10595 
172 7497 270332 1977 16461 18438 
174 7681 272724 1873 15774 17656 
168 7299 272774 3135 26271 29413 
183 8115 274010 137 1099 1236 
167 7266 275835 3599 29515 33123 
184 8148 276150 230 1910 2140 
182 8030 278328 578 5026 5604 
178 7891 279125 2101 17443 19545 
177 7837 279778 2187 18459 20656 
175 7726 281104 2690 22608 25307 
185 8172 282639 735 6065 6804 
180 7965 287249 2342 19535 21883 
190 8491 287962 738 6110 6858 
189 8396 290237 1144 9308 10459 
176 7790 290490 3599 29661 33266 
179 7963 294175 3351 27511 30862 
186 8269 294211 1926 16125 18061 
188 8375 294764 1685 13947 15639 
187 8324 295054 1800 14919 16726 
193 8756 298377 1121 9294 10415 
200 9106 299754 154 1223 1377 
181 8023 302135 3477 28326 31803 
198 9015 303202 916 7522 8438 
195 8906 304526 1507 12513 14036 
194 8826 304774 1564 12973 14537 
191 8565 307114 2664 21811 24475 
202 9173 307390 564 4691 5255 
207 9381 308629 122 1117 1239 
196 8921 310193 1653 14356 16018 
192 8658 312043 2631 22153 24794 
203 9211 315370 1301 10867 12168 
204 9229 315777 1184 10063 11251 
212 9651 317200 138 1285 1423 
201 9148 317389 1886 15749 17635 
205 9276 318836 1482 12580 14062 
199 9040 318998 2580 21355 23944 
197 8923 319062 2675 22173 24851 
213 9711 321249 434 3609 4049 
209 9507 324190 1520 12477 13997 
211 9557 325525 1098 9057 10155 
206 9324 329907 2440 20348 22793 
210 9554 331173 2057 17072 19130 
216 9875 331918 1385 11535 12920 
219 9976 332044 818 7027 7854 
208 9470 334938 2783 23526 26309 
222 10100 339233 857 7203 8060 
224 10142 341464 1002 8418 9420 
220 10009 344001 1982 16484 18476 
228 10279 345792 191 1600 1791 
214 9805 347962 3314 27239 30573 
217 9944 348280 3148 26052 29218 
218 9966 348432 2927 24254 27183 
221 10046 349010 2028 17069 19103 
226 10258 349804 1126 9445 10571 
215 9870 351037 3464 28718 32201 
223 10104 355690 2544 21222 23772 
230 10421 357434 1031 8440 9472 
227 10275 358678 1847 15334 17214 
234 10597 359677 1065 8798 9873 
238 10759 360568 198 1692 1890 
225 10166 362342 2913 24479 27404 
233 10538 364952 1715 14227 15942 
229 10352 365776 2144 17818 19984 
231 10489 366368 1959 16120 18088 
240 10932 366434 626 5235 5866 
236 10732 371234 1671 13873 15544 
243 11112 371435 611 5048 5659 
244 11147 372514 659 5486 6146 
232 10503 375399 2910 24040 26967 
235 10654 382633 3456 28140 31596 
241 10994 383172 2213 18600 20830 
237 10755 383483 2853 23184 26049 
249 11338 384698 998 8296 9299 
246 11249 385344 1533 12567 14110 
245 11203 387890 2341 19094 21456 
239 10837 388297 3113 25498 28620 
255 11702 388985 109 986 1095 
242 11018 390232 2700 22560 25280 
248 11308 394764 2398 19843 22250 
252 11510 395337 1294 10559 11854 
257 11740 396546 783 6778 7561 
247 11292 396670 2731 22491 25235 
262 12090 397746 112 964 1076 
259 11887 400140 545 4831 5376 
254 11647 401160 1733 14083 15816 
251 11416 401908 2027 16699 18736 
263 12182 403449 619 5084 5703 
261 12036 404171 805 6820 7625 
253 11549 404377 2119 17544 19679 
258 11829 407630 1866 15532 17398 
256 11739 408271 2147 17818 19974 
250 11344 408703 2801 23258 26070 
266 12314 414043 1298 10837 12135 
260 11937 414881 2046 17497 19544 
269 12520 415428 1182 9857 11051 
265 12290 416061 1639 13262 14901 
268 12496 420638 1781 14676 16467 
270 12556 420709 1401 11667 13079 
274 12713 421747 727 6126 6866 
267 12408 424511 2291 18762 21062 
278 12838 425571 528 4334 4862 
271 12620 425579 1848 15455 17308 
272 12653 427893 2075 17103 19190 
264 12205 428455 3044 25253 28315 
283 13153 429326 132 1301 1433 
276 12758 431937 1691 14185 15876 
275 12730 433964 1977 16537 18536 
277 12785 435121 1554 12918 14483 
281 12991 435912 1113 9225 10341 
284 13165 436148 827 6866 7693 
273 12691 438180 2559 21578 24137 
286 13269 443570 1256 10372 11633 
279 12865 445701 2547 21403 23954 
282 13054 448072 2375 20114 22493 
290 13474 448683 1386 11144 12535 
293 13560 449561 393 3467 3860 
289 13435 451417 1697 13807 15505 
297 13830 451565 9 139 148 
298 13835 456823 557 4689 5258 
280 12920 457294 3547 29230 32783 
285 13256 457821 3083 25397 28495 
288 13360 457917 2404 20374 22796 
294 13651 458181 1087 9022 10109 
287 13359 462603 3098 25527 28639 
291 13530 465526 2959 24384 27346 
305 14305 466883 149 1208 1357 
302 14062 467285 1021 8347 9368 
295 13668 467312 2017 16605 18629 
296 13760 470897 2293 19041 21336 
300 13957 472414 1645 13466 15120 
309 14567 473046 237 1912 2149 
292 13537 477712 3692 30436 34142 
306 14377 478895 1294 10718 12012 
303 14133 479798 2301 19289 21617 
308 14553 480973 1452 12205 13661 
304 14223 482005 2042 17360 19402 
299 13880 482929 2821 23275 26106 
315 14815 483751 310 2468 2778 
301 13985 484487 2888 23770 26666 
312 14711 487658 1081 8865 9946 
313 14751 488811 1057 8857 9916 
311 14641 490343 1863 15432 17297 
307 14471 491722 2621 21812 24437 
314 14814 494689 1626 13257 14891 
323 15135 495231 365 3135 3509 
321 15114 495417 713 5893 6606 
320 15082 496031 896 7477 8373 
318 15003 496536 1384 11401 12785 
310 14590 496586 2612 21560 24172 
317 14966 499570 1774 14854 16641 
329 15438 501094 482 4026 4508 
330 15527 505291 596 5117 5721 
328 15384 507378 1199 9642 10842 
325 15220 508377 1404 11739 13146 
316 14883 511922 3226 26671 29917 
333 15680 513058 619 5061 5680 
319 15016 515144 3305 27352 30657 
324 15190 515322 2209 18416 20633 
331 15539 517490 1790 14606 16396 
327 15350 518039 2385 19615 22008 
332 15611 521009 1694 14024 15718 
322 15117 521541 3370 27818 31198 
326 15284 523429 2998 25009 28012 
335 15819 524350 1325 11103 12428 
338 15951 530668 1648 13691 15346 
334 15738 536423 3018 25013 28046 
336 15887 538664 2749 22837 25606 
339 15958 538758 2285 18972 21268 
347 16328 539995 157 1174 1331 
342 16073 540277 2017 16710 18736 
341 16051 542265 2294 18954 21256 
345 16231 542575 1273 10612 11907 
344 16165 542699 2006 16339 18349 
348 16333 543047 446 3843 4289 
350 16391 544394 435 3682 4117 
337 15896 545397 3250 26991 30253 
343 16147 546817 2518 20860 23388 
340 16020 546856 3099 25709 28817 
346 16260 552093 1703 13962 15670 
351 16402 558317 1700 14342 16052 
352 16433 565437 2427 20418 22862 
357 16753 567150 2184 18137 20333 
349 16364 568279 3056 25228 28284 
358 16844 568387 2310 19221 21531 
354 16509 568940 2772 23121 25893 
360 16994 571220 1390 11509 12903 
356 16663 572198 2878 23911 26801 
355 16572 574478 3237 26827 30084 
353 16498 575061 3483 28848 32362 
362 17030 575864 927 7787 8714 
359 16940 577392 2753 22533 25299 
369 17312 579965 526 4373 4904 
361 16999 583051 1901 15713 17614 
367 17305 584236 1293 10745 12038 
374 17500 585304 106 962 1068 
370 17333 586830 1200 9766 10966 
363 17114 587376 2082 17009 19097 
372 17387 590629 1143 9521 10664 
376 17631 591249 444 3975 4419 
365 17233 592167 2454 20765 23227 
380 17862 592628 49 412 461 
366 17301 593429 2375 19822 22209 
373 17409 593519 1108 9360 10468 
364 17171 596038 2981 24658 27651 
384 18016 599695 371 3286 3657 
375 17544 603248 1916 16021 17944 
377 17665 604214 1813 15024 16838 
371 17345 604856 2965 24472 27464 
378 17740 605441 1619 13184 14812 
387 18206 606042 207 1621 1828 
368 17312 606272 3450 28344 31794 
381 17934 607885 1603 13640 15257 
389 18305 613863 893 7520 8422 
379 17769 617415 2837 23329 26166 
383 17957 621097 2977 24592 27578 
386 18137 621593 1975 16357 18345 
385 18092 622091 2382 20014 22396 
390 18343 622710 1779 14878 16668 
388 18291 622838 1936 16038 17982 
399 18886 623215 35 342 377 
391 18401 623650 1861 15515 17378 
382 17941 624374 3310 27610 30945 
393 18497 628254 1535 12852 14391 
395 18657 628916 792 7023 7819 
396 18679 630563 962 8008 8970 
394 18566 634041 1773 14853 16626 
398 18802 634127 1207 10201 11417 
402 19032 635403 1196 9833 11029 
392 18408 641674 3637 30151 33789 
408 19351 642839 821 6615 7436 
397 18710 649095 2851 24142 27004 
403 19092 650060 2325 19476 21806 
412 19585 653712 385 3267 3652 
401 18950 653950 3281 27019 30300 
405 19185 655411 2621 22217 24848 
400 18893 657057 3642 30200 33842 
407 19316 658399 2576 21696 24272 
406 19225 660640 2836 23761 26599 
411 19534 661117 1308 10714 12022 
410 19455 661754 2008 16898 18915 
419 19904 662520 140 1263 1403 
418 19873 663853 318 2895 3213 
404 19094 664712 3853 31925 35796 
421 19991 667928 580 4828 5408 
424 20135 669873 215 1730 1945 
415 19742 671495 1721 14359 16084 
420 19932 674427 1380 11293 12673 
425 20214 676239 662 5704 6366 
409 19412 676266 3737 30830 34592 
427 20285 677080 288 2365 2653 
426 20218 677897 677 5725 6402 
413 19665 677957 2581 21657 24245 
422 20053 679708 1667 14188 15855 
423 20085 680375 1688 13948 15663 
431 20470 681929 434 3598 4032 
416 19785 684445 2919 24469 27388 
417 19857 685157 2869 23880 26758 
434 20634 686417 633 5409 6042 
414 19699 692361 4150 34249 38411 
430 20426 697224 2111 18033 20144 
435 20640 697483 1674 13880 15554 
428 20327 699922 2578 21099 23683 
432 20510 701923 2590 21364 23966 
429 20372 702858 2857 23735 26592 
433 20575 704737 2702 22327 25029 
445 21194 707411 283 2391 2674 
443 21086 712815 1173 9714 10892 
437 20724 712827 2943 24714 27670 
436 20719 712955 3059 25439 28510 
441 20968 713584 1711 14390 16101 
438 20797 713704 2908 24363 27287 
442 21005 718205 1931 16352 18283 
444 21123 720362 1887 15617 17504 
440 20882 720384 2452 20708 23160 
454 21730 720741 28 329 357 
439 20800 720957 3058 25523 28596 
456 21817 726753 628 5168 5796 
446 21257 733492 2794 23287 26081 
447 21322 734369 2339 19214 21554 
451 21602 734853 2266 18883 21149 
457 21868 734973 868 7344 8220 
452 21648 738293 2164 17923 20088 
449 21447 739092 2799 23316 26137 
448 21363 741212 3063 25309 28385 
453 21655 743497 2475 20634 23135 
463 22170 744192 534 4564 5100 
465 22250 744628 118 1013 1131 
450 21527 745575 3439 28543 31991 
455 21792 747927 2937 24237 27186 
461 22055 752707 1871 15862 17734 
467 22288 753939 1017 8294 9311 
458 21879 754738 2284 18962 21246 
462 22080 754894 1787 14814 16601 
460 21974 756966 2352 19741 22113 
470 22407 761790 972 8111 9083 
471 22479 762154 875 7334 8215 
459 21943 762432 3038 25025 28063 
473 22533 767278 1333 11051 12384 
464 22175 767485 2817 23450 26273 
472 22514 769782 1627 13414 15044 
468 22341 770572 2660 22309 24997 
480 22905 771710 213 1715 1928 
469 22402 773217 2702 22588 25290 
474 22566 773649 1792 14883 16683 
478 22837 775376 863 7234 8098 
476 22683 777797 1692 13951 15643 
466 22282 777916 3669 30038 33724 
477 22739 778967 1783 14746 16535 
482 23045 780671 962 7999 8961 
486 23179 784564 732 6035 6767 
487 23230 787931 1076 8939 10015 
481 22991 788179 1891 15706 17607 
484 23122 789142 1665 13823 15493 
483 23094 791371 1940 16214 18154 
490 23392 792203 825 6814 7639 
488 23283 792525 1430 12128 13558 
475 22605 792760 3307 27657 30970 
489 23364 797026 1751 14597 16355 
479 22849 799859 3476 28883 32374 
485 23131 804390 3119 25874 29014 
495 23585 807752 1665 13879 15549 
492 23479 807958 2142 17634 19779 
497 23675 811356 2016 16571 18596 
499 23804 813557 1467 12219 13698 
496 23652 814450 2332 19593 21925 
503 23949 815963 485 4122 4607 
491 23450 817137 3164 26040 29206 
507 24213 817651 43 471 514 
502 23945 817745 1046 8735 9787 
501 23881 818004 1084 9168 10252 
494 23569 818099 2868 23860 26728 
493 23539 818659 3161 26355 29517 
506 24128 819511 382 3166 3548 
512 24412 820220 159 1402 1561 
498 23731 824173 2879 24256 27147 
504 23993 827833 1552 12724 14276 
505 24040 828764 1511 12787 14314 
510 24327 830892 1375 11505 12888 
500 23850 835530 3342 27774 31140 
514 24513 836221 1739 14258 16001 
515 24582 843554 2073 17303 19381 
519 24821 843972 918 7523 8442 
508 24253 844267 2876 23740 26616 
509 24280 846228 3061 25422 28483 
513 24436 846695 2944 24233 27184 
511 24370 848397 3275 27010 30298 
516 24667 848808 2250 18716 20975 
521 24999 849137 599 4984 5583 
517 24713 852977 2609 21577 24213 
524 25158 855272 970 8073 9044 
520 24918 858413 2425 19747 22192 
528 25313 859390 1098 9153 10253 
518 24740 859469 3129 25445 28577 
525 25165 866052 2051 17306 19357 
522 25010 866549 2438 20132 22577 
534 25651 870032 407 3573 3980 
531 25535 870299 1276 10603 11886 
535 25703 871272 478 4245 4723 
529 25382 871579 2004 16598 18602 
523 25092 873504 3157 26080 29237 
527 25251 874311 2705 22789 25503 
526 25241 875772 2917 24432 27375 
538 25866 880369 1007 8090 9097 
530 25478 886184 3313 27585 30912 
544 26226 886533 38 311 349 
536 25726 887252 1863 15357 17220 
532 25547 888394 3105 25886 29004 
545 26290 888609 211 1865 2076 
542 26091 890752 1589 13385 14980 
533 25614 891927 3527 28931 32458 
540 26001 892855 2082 17269 19351 
537 25810 900645 3255 27084 30346 
549 26477 901109 1111 9233 10357 
539 25923 901578 3236 26748 29999 
541 26065 905831 3407 28098 31520 
547 26338 906585 1949 16232 18191 
550 26480 907383 1663 13793 15456 
546 26303 907763 2225 18286 20511 
551 26515 911317 1936 16510 18462 
558 26900 911580 417 3400 3817 
553 26608 911774 1126 9539 10665 
543 26157 914823 3710 30744 34454 
557 26828 916742 984 8369 9359 
556 26774 916960 1125 9246 10375 
548 26437 917559 3111 25827 28950 
560 26945 920825 976 8269 9245 
562 27014 920972 662 5477 6149 
552 26537 921069 2198 18218 20424 
568 27382 921969 93 807 900 
554 26678 923127 2299 19243 21549 
565 27202 924142 704 5872 6583 
570 27462 927688 497 4064 4561 
569 27432 929425 821 6635 7456 
563 27079 931218 1575 12898 14476 
571 27476 932859 925 7784 8717 
566 27206 933080 1285 10968 12255 
564 27172 933830 1824 15034 16870 
555 26680 936723 3351 27529 30892 
559 26936 937891 2834 23734 26574 
572 27546 941053 1439 11922 13365 
567 27294 941421 2178 18270 20449 
575 27691 944511 1262 10389 11652 
561 26963 944558 3547 29209 32784 
577 27788 944909 1161 9918 11079 
574 27641 952321 2283 18819 21103 
576 27703 954492 2302 19097 21412 
585 28237 956921 495 4104 4600 
583 28144 957875 1402 11905 13317 
579 27933 958782 2227 18658 20891 
581 28025 959101 1899 15775 17680 
590 28529 962610 398 3111 3509 
573 27573 962684 3604 29629 33259 
578 27844 964466 2975 24740 27743 
593 28741 966668 236 1966 2202 
584 28224 969459 2634 21916 24550 
580 27985 969847 3135 25648 28794 
592 28649 972233 1016 8533 9549 
582 28057 975711 3372 27812 31200 
586 28332 975807 2288 19022 21315 
588 28470 977283 2085 17319 19408 
587 28376 981217 2609 21670 24296 
595 28824 981673 1290 10924 12214 
589 28492 982663 2544 21337 23881 
599 29017 983335 803 6725 7528 
601 29125 984891 396 3278 3674 
594 28824 986261 2117 17476 19593 
600 29038 988193 1174 9729 10910 
598 28951 989184 1448 12025 13473 
606 29355 989510 348 2901 3249 
596 28860 990162 2149 18150 20315 
591 28564 992441 3232 26582 29831 
609 29451 996037 693 5834 6527 
602 29164 998080 1756 14641 16407 
597 28908 998219 2808 23176 25986 
605 29260 998842 1474 12465 13951 
614 29580 1001554 348 2977 3335 
607 29395 1002109 1490 12422 13916 
608 29422 1003570 1547 12839 14386 
610 29470 1011771 2351 19258 21609 
603 29215 1013219 3305 27247 30556 
617 29640 1015821 1480 12225 13712 
611 29513 1016055 2517 21096 23614 
616 29631 1016963 1620 13778 15409 
604 29253 1017049 3642 30063 33714 
615 29590 1021307 2416 20046 22465 
625 30114 1022009 62 640 702 
619 29756 1022119 1101 9247 10348 
621 29847 1022132 673 5638 6311 
613 29570 1022286 2596 21594 24206 
622 29927 1023590 802 6733 7535 
612 29528 1025670 3198 26435 29633 
623 30013 1027626 1126 9537 10663 
618 29690 1029151 2759 22799 25581 
620 29786 1032647 2108 17320 19428 
626 30202 1033621 1239 10372 11612 
630 30418 1037555 1496 12469 13965 
627 30216 1038965 1826 15020 16846 
624 30031 1042700 2779 22865 25651 
635 30508 1045177 1237 10319 11556 
633 30469 1045954 1821 14982 16803 
629 30337 1047215 2698 22216 24929 
634 30478 1048181 1694 13836 15534 
631 30433 1049118 2500 20943 23448 
628 30306 1052525 3254 27131 30393 
632 30449 1052609 2664 22314 24983 
640 30819 1056557 1143 9460 10603 
645 31075 1056942 461 3872 4333 
639 30722 1058427 1402 11848 13250 
647 31250 1059293 248 2103 2351 
637 30530 1059877 2222 18689 20912 
643 31050 1061507 1329 11054 12389 
638 30626 1064462 2323 19430 21762 
642 30964 1068106 2163 17762 19925 
636 30528 1068985 3376 28054 31430 
652 31476 1072172 837 6873 7710 
646 31170 1072434 1735 14131 15877 
654 31599 1072580 385 3210 3595 
651 31409 1073908 1319 11068 12401 
657 31688 1074191 170 1441 1611 
659 31820 1074895 80 624 704 
641 30889 1074929 2975 24734 27714 
661 31913 1075281 29 323 352 
656 31624 1076740 472 3834 4306 
662 31987 1077658 258 2114 2377 
649 31294 1079123 2153 17669 19830 
648 31262 1079456 2232 18777 21029 
650 31316 1080113 2205 18012 20236 
658 31779 1080366 665 5774 6458 
655 31622 1081520 999 8349 9348 
644 31052 1081676 3139 26012 29151 
653 31511 1083052 1604 13332 14946 
666 32306 1083695 457 3775 4239 
668 32375 1089153 930 7857 8787 
660 31886 1093785 2019 16860 18890 
665 32213 1096166 1834 15202 17043 
673 32718 1099505 1105 9247 10352 
664 32150 1100093 2382 20033 22435 
663 32056 1101215 2645 21827 24475 
676 32776 1103784 467 3812 4279 
672 32627 1103927 2178 18050 20232 
675 32758 1103930 833 6928 7764 
678 32784 1105867 482 4170 4652 
674 32747 1108001 1487 12729 14216 
669 32460 1109861 3065 25271 28341 
670 32500 1110769 3149 25938 29093 
671 32594 1110779 2970 24757 27727 
667 32338 1111631 3411 28098 31518 
680 32829 1116526 1366 11233 12599 
682 32945 1121938 1716 14355 16071 
679 32803 1123027 2084 17159 19243 
686 33254 1123802 1394 11629 13023 
688 33347 1125364 952 7886 8838 
677 32778 1125525 2739 22685 25432 
687 33286 1132273 2260 18373 20642 
684 33072 1132276 2374 20033 22415 
683 33009 1132745 2660 22084 24744 
685 33155 1133103 2422 19907 22334 
690 33418 1134121 1193 9900 11094 
681 32854 1136326 3537 28855 32396 
697 33744 1138317 546 4668 5214 
689 33410 1138591 1783 14869 16653 
698 33761 1142111 856 7134 7990 
693 33531 1143917 1986 16402 18392 
695 33636 1147472 1633 13563 15196 
703 33872 1151378 814 6647 7461 
691 33424 1152426 3113 25506 28624 
692 33493 1153269 2987 24894 27905 
694 33595 1154900 2405 20217 22627 
702 33826 1155109 1410 11587 12998 
696 33665 1157633 2620 22255 24888 
699 33767 1158494 2393 19775 22168 
709 34183 1160974 633 5232 5865 
700 33797 1161115 2449 20345 22798 
706 34045 1161543 978 8139 9117 
714 34358 1165249 395 3311 3706 
701 33800 1169022 3288 27135 30431 
710 34228 1170044 1326 11073 12411 
708 34119 1173137 1955 16282 18237 
707 34050 1174482 2271 18938 21213 
704 33951 1175173 2976 24719 27701 
719 34685 1175417 83 852 935 
718 34591 1175445 238 2070 2308 
720 34708 1178323 331 2819 3150 
713 34342 1178773 1873 15779 17658 
705 33981 1181951 3327 27240 30573 
722 34866 1184116 902 7769 8671 
726 35001 1185496 148 1232 1380 
711 34283 1187143 3074 25551 28649 
723 34907 1187771 1031 8417 9448 
721 34778 1188047 1341 11269 12630 
712 34336 1189368 3058 25305 28394 
715 34443 1193014 2957 24793 27765 
717 34527 1195156 2710 22388 25112 
728 35042 1196367 995 8227 9224 
716 34453 1196601 2985 24588 27579 
725 34949 1199107 1849 15298 17156 
730 35161 1199356 1217 10088 11309 
724 34915 1203140 2594 21751 24367 
733 35287 1205512 1131 9218 10356 
739 35520 1206736 122 1102 1224 
727 35019 1207935 2385 20040 22439 
736 35453 1208801 1052 8642 9694 
729 35127 1209904 2345 19762 22133 
738 35514 1210397 778 6479 7257 
740 35562 1214313 783 6789 7577 
745 35864 1216514 228 1973 2201 
732 35233 1219427 2806 23605 26413 
734 35313 1219937 2535 21035 23570 
741 35630 1222626 1558 13133 14691 
731 35205 1225771 3925 32477 36403 
743 35740 1227170 1861 15399 17266 
735 35380 1227377 3302 27472 30776 
747 36049 1229919 1127 9365 10492 
744 35791 1230393 2170 17826 19996 
749 36127 1230830 865 7339 8204 
752 36302 1232463 536 4550 5086 
746 35962 1232840 1769 14553 16326 
750 36160 1233101 754 6576 7330 
758 36582 1233637 52 484 536 
737 35485 1235231 3898 31953 35875 
754 36387 1236850 684 5773 6457 
742 35718 1237169 3026 25326 28368 
753 36347 1241391 1221 10251 11472 
756 36456 1242492 1068 8954 10029 
751 36239 1244174 1836 15165 17004 
759 36651 1244924 1210 10077 11287 
748 36068 1246067 2830 23283 26130 
760 36684 1247910 1353 11326 12679 
763 36821 1250089 912 7786 8698 
761 36740 1253835 1836 15147 16985 
757 36549 1255800 2455 20505 22960 
764 36888 1257343 1593 13258 14851 
762 36741 1258090 2255 18654 20921 
765 36910 1259286 1622 13490 15112 
766 36998 1259658 1584 13149 14734 
755 36440 1264408 3640 29929 33578 
767 37030 1268835 2404 20364 22768 
775 37284 1268969 994 8307 9311 
769 37093 1270467 2165 18207 20378 
773 37200 1271883 1475 12312 13793 
774 37280 1272162 1369 11507 12876 
768 37060 1273643 2781 22952 25733 
776 37332 1274853 1080 9365 10445 
781 37580 1276868 510 4196 4706 
770 37167 1277735 2603 21293 23900 
777 37342 1280470 1236 10398 11635 
772 37198 1281168 2569 21247 23825 
786 37849 1282839 256 2113 2369 
771 37173 1283847 3013 25012 28047 
779 37481 1284457 1540 12448 13990 
788 37901 1284774 200 1735 1935 
784 37780 1285270 901 7500 8402 
789 37958 1287734 404 3483 3887 
780 37567 1288160 1766 14511 16277 
787 37891 1291072 1045 8845 9904 
783 37691 1294213 2079 17274 19360 
778 37402 1295931 2945 24017 26962 
790 37959 1297648 1412 11771 13191 
782 37672 1298079 2664 21772 24436 
785 37786 1299205 2325 19145 21470 
793 38096 1299879 1308 10828 12145 
792 38051 1300392 1601 13509 15122 
791 38023 1302237 1831 15622 17463 
794 38160 1309114 2273 18673 20954 
799 38446 1309381 1229 10072 11302 
796 38300 1313433 2042 17168 19220 
797 38369 1313586 1924 15731 17655 
800 38536 1314133 1634 13294 14928 
802 38699 1316547 1735 14420 16155 
808 39146 1317041 305 2587 2908 
809 39212 1317625 102 976 1078 
806 38958 1318879 585 4861 5446 
795 38237 1319744 3055 25583 28672 
813 39394 1321647 218 1685 1903 
807 39050 1325605 1271 10744 12019 
810 39237 1327599 1113 9445 10558 
798 38409 1327651 3262 26734 30003 
801 38635 1330811 3346 27585 30932 
811 39275 1331001 1445 11919 13376 
816 39557 1331120 401 3120 3521 
803 38734 1331638 3156 26223 29401 
804 38825 1333443 2647 21670 24329 
805 38898 1333875 2609 21870 24494 
814 39405 1334647 1425 11575 13000 
818 39612 1334714 430 3473 3903 
823 39809 1336546 289 2381 2671 
812 39303 1337764 1988 16890 18885 
815 39479 1339452 1519 12324 13847 
819 39618 1340866 1043 8815 9865 
821 39768 1342899 1194 10057 11261 
817 39599 1346349 2000 16694 18698 
831 40137 1350370 439 3582 4021 
829 40041 1350408 1026 8516 9542 
824 39870 1352441 1925 15869 17794 
825 39956 1352929 1944 16271 18215 
835 40246 1354987 218 1840 2058 
820 39679 1355889 2667 22067 24769 
830 40135 1356213 1405 11903 13314 
827 40000 1357057 2086 17206 19293 
822 39801 1357200 2553 21197 23757 
833 40173 1360135 1044 8683 9727 
828 40009 1365903 2833 23614 26451 
838 40287 1367412 1181 10018 11199 
841 40333 1367542 800 6607 7407 
834 40238 1368316 1715 14160 15875 
826 39978 1369458 3533 29375 32912 
840 40325 1371774 1538 13030 14574 
846 40616 1380450 1156 9836 10992 
837 40282 1383049 2902 24239 27160 
847 40630 1384657 1386 11497 12883 
832 40153 1385208 3802 31021 34838 
851 40939 1386661 156 1297 1453 
836 40280 1386875 3477 28389 31888 
853 41077 1388817 191 1751 1942 
839 40289 1389433 3497 28871 32376 
852 40988 1390167 362 3144 3506 
845 40554 1391099 2439 20340 22783 
842 40341 1393707 3010 24762 27804 
843 40378 1399480 3473 28576 32068 
844 40471 1399718 3478 28698 32176 
848 40718 1399872 2041 17373 19422 
850 40866 1402726 1914 16155 18069 
857 41290 1403671 1332 11214 12572 
862 41428 1405176 268 2182 2450 
858 41293 1405476 1265 10504 11769 
856 41202 1409917 2098 17644 19750 
855 41145 1410066 2210 18411 20633 
864 41529 1411652 704 5772 6476 
849 40807 1415196 3415 28708 32147 
865 41573 1415474 1060 8938 9998 
854 41085 1422039 3574 29625 33222 
859 41308 1422661 2503 20678 23181 
871 41926 1424228 239 1950 2189 
861 41377 1424441 2607 21956 24569 
860 41345 1427392 2951 24717 27674 
872 41960 1428945 674 5610 6284 
868 41821 1430047 1973 16407 18395 
863 41457 1432357 3080 25603 28686 
867 41736 1436373 2828 23470 26307 
866 41637 1437594 2972 24698 27677 
869 41859 1441632 2871 23563 26436 
870 41863 1442130 2866 23773 26656 
881 42325 1443904 243 2029 2272 
874 42076 1446445 2322 19663 22004 
880 42293 1446844 1003 8247 9250 
877 42212 1449145 2039 17036 19098 
878 42218 1449586 1869 15351 17229 
887 42482 1451977 252 2139 2391 
873 41989 1454981 3312 27418 30753 
875 42091 1458418 3367 27659 31026 
879 42267 1458725 2381 19962 22352 
876 42131 1459094 3274 26869 30149 
892 42741 1467123 863 7166 8029 
883 42339 1469585 2743 22938 25681 
888 42550 1471294 2084 17233 19317 
885 42474 1471698 2679 22175 24854 
884 42377 1473902 2960 24474 27457 
894 42815 1475104 589 4926 5519 
882 42339 1475235 3572 29512 33105 
891 42675 1475904 1850 15329 17179 
889 42626 1475979 2244 18751 20998 
886 42474 1478039 3064 25824 28894 
901 43202 1478468 261 2228 2489 
897 43048 1482604 940 7762 8702 
896 43008 1483717 1276 10726 12019 
890 42645 1485615 2942 24255 27197 
900 43140 1486175 1083 9188 10271 
905 43355 1487885 455 3713 4168 
898 43055 1488143 1394 11645 13039 
895 42911 1488499 1859 15339 17205 
906 43388 1489334 395 3324 3719 
899 43086 1492506 1794 15477 17271 
893 42748 1493346 2827 23396 26223 
904 43300 1497674 1621 13449 15070 
910 43534 1501656 1418 11735 13157 
912 43587 1507203 1549 13143 14697 
903 43272 1507279 3064 25747 28811 
907 43473 1507377 2209 18989 21202 
908 43481 1507982 2164 17925 20097 
919 43993 1509054 111 961 1072 
915 43797 1509317 804 6839 7661 
920 44058 1510213 115 1044 1159 
917 43877 1513660 695 5686 6381 
913 43646 1514292 2251 18681 20946 
911 43557 1514711 2731 22622 25377 
902 43226 1515647 4079 33515 37608 
909 43500 1518380 3246 26991 30237 
922 44167 1519521 1005 8303 9308 
921 44144 1520486 1189 9970 11169 
914 43742 1525305 2977 24653 27631 
926 44277 1526701 1185 9862 11054 
924 44179 1528353 1501 12551 14061 
930 44469 1529358 436 3617 4053 
923 44175 1532343 1966 16701 18683 
927 44322 1535388 1802 15206 17008 
928 44408 1535456 1702 14233 15935 
916 43838 1536648 3175 26249 29445 
929 44429 1538448 1881 16076 17962 
932 44556 1538491 1062 9070 10138 
918 43952 1538847 3419 28038 31470 
925 44211 1539008 2646 21640 24297 
938 44834 1540652 243 1961 2204 
935 44746 1545394 1061 8945 10006 
939 44924 1546046 828 6723 7555 
941 45023 1546638 798 6822 7630 
944 45116 1548201 231 1924 2155 
940 44958 1550460 1263 10350 11613 
934 44682 1550937 2017 16569 18594 
946 45235 1550953 296 2456 2752 
947 45272 1551849 149 1240 1389 
942 45066 1555248 1595 12991 14596 
931 44470 1555354 3097 25555 28653 
951 45491 1557044 182 1614 1796 
948 45316 1560048 985 8126 9111 
933 44595 1560489 3351 27768 31131 
936 44763 1562058 2845 23757 26602 
937 44804 1563138 2857 23633 26490 
949 45374 1568426 1882 15591 17473 
943 45085 1570894 2702 22798 25500 
953 45616 1570898 1504 12350 13854 
954 45681 1572390 1308 11023 12342 
959 46013 1573912 326 2692 3018 
955 45730 1576390 1707 14182 15901 
945 45200 1577731 3350 27743 31093 
956 45820 1580763 1979 16720 18705 
963 46356 1581733 577 4766 5343 
958 45934 1582704 1510 12758 14278 
957 45857 1582731 2120 17470 19593 
964 46445 1584192 677 5784 6461 
961 46176 1584620 1289 10935 12230 
952 45567 1584727 3136 26229 29373 
967 46584 1585324 280 2340 2620 
950 45433 1585948 3666 30432 34099 
970 46739 1588451 411 3420 3831 
965 46482 1590954 1075 9106 10191 
969 46720 1591295 747 6346 7103 
968 46681 1592849 1084 9012 10118 
971 46780 1593048 882 7439 8321 
962 46268 1593251 2077 17262 19339 
960 46086 1594278 2514 20866 23380 
975 47017 1596858 609 5295 5904 
977 47129 1596885 419 3606 4036 
973 46853 1598447 1351 11135 12499 
966 46576 1602020 2188 18099 20287 
981 47294 1603418 712 5838 6560 
985 47403 1604678 132 1128 1260 
978 47207 1605225 1322 10839 12177 
987 47476 1605578 29 324 353 
982 47324 1607452 1128 9439 10567 
976 47033 1609766 1974 16494 18471 
984 47357 1610745 893 7825 8725 
980 47230 1612880 1982 16609 18602 
983 47353 1613692 1626 13612 15245 
974 46949 1614467 2806 23210 26016 
979 47212 1619043 2762 23030 25792 
986 47407 1619460 1605 13177 14782 
992 47746 1620280 794 6606 7400 
972 46817 1620900 3850 31718 35576 
989 47544 1621088 1457 12179 13636 
988 47530 1621931 1772 14576 16353 
996 47878 1623007 366 3181 3547 
994 47792 1623648 1012 8163 9181 
991 47655 1626947 1908 14292 16202 
993 47749 1632237 2501 16025 18545 
999 48024 1632355 1787 9480 11267 
990 47575 1632367 2993 19608 22601 
997 47935 1634319 2563 11467 14039 
998 48021 1634526 2582 11044 13626 
995 47870 1634980 3244 12684 15937 
