FCFS 
ID Tempo_de_Chegada Tempo_de_finalizacao Tempo_de_Processamento Tempo_de_Espera Tempo_de_Turnaround 
8 0 5697 670 686 5697 
5 0 7850 776 464 7850 
3 0 11174 1471 322 11174 
4 0 11217 1313 384 11217 
7 0 11644 1093 618 11644 
2 0 12183 1136 273 12183 
1 0 14256 1972 148 14256 
10 0 18410 1414 1002 12712 
14 0 22312 1093 1084 10667 
15 0 23064 1153 1032 10880 
6 0 23800 2955 540 23800 
0 0 25859 2753 0 25859 
19 70 25897 200 1484 2832 
18 42 26707 508 1488 4394 
9 0 26913 2675 806 26913 
21 121 32293 656 1054 6433 
23 290 34819 888 1163 8111 
12 0 35684 3104 1009 24509 
22 203 37183 1305 1162 11285 
28 580 38398 216 998 1214 
16 0 39572 2238 1478 25315 
27 521 40840 565 1499 5155 
11 0 40854 3754 1228 33003 
32 838 41985 71 1059 1130 
24 386 42756 1178 1182 15842 
29 650 42955 139 1174 4556 
13 0 44864 3725 1083 33646 
20 79 44923 2207 1209 21122 
35 903 45526 302 1236 2570 
26 501 45943 1079 1468 11123 
30 673 46439 836 876 6866 
17 7 47596 3091 1363 29185 
25 410 50757 2350 1422 18463 
34 882 53274 1008 965 10517 
40 1137 60264 1057 1412 13824 
37 998 62532 1705 680 17608 
42 1275 63972 1444 1146 13214 
38 1083 64336 2529 913 18809 
31 740 64549 2966 871 23708 
36 987 66323 1821 727 21458 
45 1349 66398 350 806 3865 
44 1339 68239 817 1361 7974 
41 1201 69222 2492 1076 21625 
52 1732 70182 57 902 959 
50 1670 71258 540 974 4859 
33 866 73368 2983 1140 31382 
43 1298 75322 1603 1362 22047 
55 1886 75841 190 838 2472 
39 1085 76319 3828 1226 30375 
46 1430 76557 1275 1257 12584 
59 2123 81024 599 905 4466 
48 1523 81724 2127 1300 17174 
60 2149 82609 212 1372 1584 
51 1719 85986 2082 1098 17746 
49 1573 86535 2084 907 20211 
62 2282 88178 576 981 5568 
47 1520 89615 2518 1370 25278 
54 1807 91165 2214 739 19906 
53 1773 92662 1906 1292 22479 
61 2213 93401 1450 1070 11676 
64 2338 93700 824 1107 7164 
58 2071 96141 2301 926 19821 
56 1977 96577 2125 1235 21254 
69 2600 97939 330 1213 4537 
70 2634 100553 567 1035 6852 
57 2027 104780 2934 1145 28938 
67 2483 105034 1919 1005 13868 
63 2332 109933 2733 1143 23946 
66 2451 110137 2338 1048 20521 
65 2360 110972 2697 977 22793 
74 2868 113969 1434 1249 13415 
71 2728 114326 2159 1177 18184 
72 2784 114603 1771 1058 18025 
73 2790 118598 2124 1028 20658 
68 2502 120803 2653 1384 28140 
75 2953 121821 1808 923 17040 
81 3223 122078 622 1157 7751 
80 3135 128991 1665 1188 15021 
85 3410 129994 903 1181 8172 
82 3232 130839 1979 1131 16235 
77 3011 131055 2224 1140 21121 
76 3002 131943 3298 775 26908 
78 3110 132897 2402 977 22759 
79 3132 133807 1874 1201 22834 
84 3342 141035 2232 1275 20231 
88 3500 141794 1145 1350 11799 
86 3475 141923 1764 1265 19844 
93 3656 143567 1257 1186 9759 
91 3584 144411 1243 1353 12467 
95 3772 146569 355 1153 4774 
87 3486 146723 1859 1003 17731 
92 3587 147822 1618 1241 14924 
83 3244 149025 3570 1180 30426 
97 3805 150011 949 1186 6443 
89 3512 150095 1905 1530 19255 
90 3536 152740 2159 1398 21684 
102 4047 154227 425 1553 5201 
94 3744 155575 1532 888 14539 
98 3807 156866 1468 908 12454 
105 4225 157165 617 1237 4424 
107 4299 158502 377 1308 2926 
101 3979 158933 1484 1065 11110 
96 3777 160699 1945 1218 18775 
100 3918 162572 1716 1324 15848 
104 4165 164749 1566 1334 14653 
103 4092 168510 1928 1376 18498 
109 4411 172495 1877 701 15329 
99 3871 172686 2758 1300 26116 
113 4611 172852 1124 1407 10279 
110 4469 174275 1556 892 15772 
115 4646 175449 658 1113 6938 
106 4233 175977 2355 659 21749 
111 4490 177014 2343 1116 18080 
117 4757 177223 398 1006 4536 
108 4380 178707 1995 503 21840 
112 4535 178727 2028 971 18027 
124 5240 180330 138 1484 1622 
120 4953 182249 581 1024 6799 
126 5384 184301 440 1428 3970 
118 4832 185289 1069 869 12436 
122 5100 185980 1010 1050 8965 
129 5483 186222 48 884 932 
131 5564 187227 37 967 1004 
127 5412 188834 816 1267 6584 
121 5020 189324 1557 1037 13346 
134 5741 194202 880 1060 4877 
114 4642 195108 2249 1333 30358 
123 5175 195853 1910 1221 18629 
116 4722 198150 2842 952 25654 
130 5533 200664 1521 888 14683 
137 5896 200974 748 1235 5120 
119 4931 205300 3418 971 31024 
140 6008 209726 546 1139 8751 
125 5308 210184 3256 1603 31456 
136 5868 212167 1725 1484 17058 
132 5584 215846 3054 914 28618 
128 5448 215989 3858 988 31687 
141 6084 216236 769 1188 10935 
135 5783 216957 2752 1285 22754 
148 6377 219461 253 1069 2503 
133 5648 220203 3659 1182 31368 
144 6232 222897 1022 1413 10729 
147 6301 223791 547 1213 7554 
145 6234 224936 1375 1116 9089 
138 5993 227047 3249 1073 28896 
150 6489 229391 1003 1166 9187 
139 6007 229657 3247 1051 28992 
153 6619 233616 819 1190 8679 
149 6443 235607 1449 1033 16145 
146 6263 239928 2522 1216 23938 
152 6520 239951 1470 1220 16159 
151 6513 240244 2052 1136 17346 
156 6774 240505 1335 1355 10847 
142 6105 240625 2555 1637 30898 
157 6853 240814 753 929 7197 
162 7063 241787 93 1188 1281 
143 6196 242463 3666 1556 32278 
160 6958 244960 613 902 5008 
159 6955 250316 1021 886 10387 
163 7069 251120 907 1369 10494 
165 7181 252223 1153 973 10435 
155 6728 253101 2319 1228 23709 
161 6999 253322 1363 1105 13077 
154 6670 256685 3426 1365 29637 
166 7206 257901 1461 1053 15437 
171 7450 258054 450 1134 4952 
170 7419 258472 820 1262 6248 
169 7360 260876 774 1127 9755 
164 7155 261034 2466 1225 20219 
158 6879 264582 2839 1396 28974 
173 7585 266167 1141 1443 9481 
167 7266 272239 3599 1241 27278 
172 7497 272621 1977 1015 19298 
174 7681 278835 1873 1219 20933 
183 8115 280139 137 1166 1303 
178 7891 280762 2101 1005 19727 
182 8030 281017 578 854 8395 
168 7299 281822 3135 851 31505 
184 8148 282249 230 738 2109 
177 7837 283088 2187 1036 22211 
175 7726 285001 2690 1290 26946 
185 8172 287203 735 857 6440 
180 7965 287871 2342 1153 21703 
176 7790 288895 3599 1197 30422 
179 7963 291233 3351 1662 26650 
189 8396 292436 1144 890 9347 
190 8491 293056 738 1323 8054 
181 8023 296732 3477 973 24492 
193 8756 298191 1121 1001 9295 
187 8324 298697 1800 1413 16874 
188 8375 299042 1685 1053 16792 
200 9106 300437 154 1240 1394 
186 8269 302054 1926 1367 21036 
198 9015 306162 916 1167 7970 
194 8826 306382 1564 947 15148 
202 9173 307157 564 901 5102 
195 8906 307597 1507 879 15160 
191 8565 307664 2664 1096 20460 
207 9381 308694 122 907 1029 
196 8921 316126 1653 957 23069 
203 9211 316447 1301 1241 10284 
197 8923 317311 2675 1118 20578 
192 8658 317812 2631 771 29940 
204 9229 318212 1184 1149 11829 
201 9148 318857 1886 1393 18419 
212 9651 320613 138 1324 2800 
199 9040 320994 2580 1209 22296 
205 9276 321471 1482 894 14313 
213 9711 322782 434 1199 4569 
211 9557 328191 1098 1402 10879 
209 9507 328398 1520 1331 12271 
206 9324 330334 2440 955 22736 
210 9554 334406 2057 1365 17958 
216 9875 335009 1385 835 14014 
219 9976 338981 818 1148 10789 
208 9470 340393 2783 1059 31698 
222 10100 342265 857 1130 7858 
214 9805 344286 3314 992 25428 
220 10009 346184 1982 1220 17785 
228 10279 347786 191 1410 1601 
218 9966 349638 2927 1040 26855 
224 10142 350169 1002 1617 11187 
217 9944 350647 3148 884 29175 
221 10046 351026 2028 1367 20691 
215 9870 351712 3464 858 31098 
226 10258 353521 1126 1078 11255 
223 10104 357495 2544 1041 22485 
230 10421 359278 1031 1293 9639 
227 10275 360888 1847 1468 16601 
238 10759 363023 198 1074 2134 
234 10597 363203 1065 1557 11490 
231 10489 366547 1959 878 16377 
233 10538 367044 1715 926 16017 
229 10352 367768 2144 1195 19981 
240 10932 369392 626 1271 6188 
225 10166 370087 2913 735 29693 
243 11112 373212 611 1193 5443 
236 10732 374237 1671 857 16741 
232 10503 375756 2910 705 25108 
244 11147 377697 659 1265 8304 
237 10755 381011 2853 1068 21732 
235 10654 382901 3456 928 29379 
246 11249 384627 1533 1103 11414 
249 11338 389562 998 1776 11864 
245 11203 390228 2341 1090 20140 
239 10837 390506 3113 940 27482 
241 10994 391633 2213 784 25085 
255 11702 392860 109 1127 2353 
252 11510 395762 1294 1376 11134 
242 11018 397469 2700 1221 30424 
247 11292 398489 2731 1010 24251 
248 11308 399080 2398 1069 23323 
251 11416 401760 2027 1181 18858 
262 12090 402727 112 854 966 
250 11344 402856 2801 1049 21844 
254 11647 402995 1733 1117 12766 
257 11740 403301 783 1078 10440 
259 11887 405169 545 803 7699 
261 12036 407821 805 1383 8740 
263 12182 408299 619 1022 5571 
253 11549 410631 2119 1131 21068 
256 11739 411602 2147 1009 19968 
258 11829 413233 1866 1214 17470 
265 12290 415420 1639 986 12424 
266 12314 416258 1298 1073 12956 
269 12520 418933 1182 1127 10633 
274 12713 422403 727 1054 6144 
268 12496 422689 1781 1266 14867 
267 12408 423073 2291 1709 17903 
260 11937 424587 2046 1295 26097 
270 12556 425213 1401 1576 14581 
278 12838 426763 528 1099 3689 
271 12620 429893 1848 1321 18290 
264 12205 430927 3044 987 28070 
272 12653 431794 2075 1088 18560 
283 13153 433852 132 1592 2924 
281 12991 435202 1113 1453 8438 
277 12785 437341 1554 970 14651 
284 13165 438339 827 1391 6544 
275 12730 438785 1977 1302 19851 
276 12758 441044 1691 1057 18640 
273 12691 442928 2559 602 27507 
286 13269 446086 1256 1406 10883 
290 13474 449800 1386 1080 8755 
289 13435 451725 1697 1591 12939 
279 12865 453231 2547 948 28643 
280 12920 453942 3547 950 28728 
293 13560 454527 393 1202 4726 
282 13054 455659 2375 1262 25765 
297 13830 455748 9 1211 1220 
294 13651 460612 1087 1022 8886 
285 13256 460927 3083 1350 27074 
298 13835 462493 557 1190 6833 
288 13360 464792 2404 1397 26452 
287 13359 464989 3098 998 27647 
291 13530 468384 2959 1025 25455 
295 13668 470656 2017 1128 17424 
305 14305 470819 149 843 2434 
302 14062 471915 1021 961 9421 
296 13760 474905 2293 719 20962 
300 13957 474934 1645 1282 14321 
292 13537 477452 3692 1585 31365 
309 14567 478161 237 928 3255 
306 14377 479973 1294 1019 9316 
299 13880 481322 2821 1317 25573 
301 13985 485642 2888 1154 24714 
308 14553 485988 1452 1172 14072 
304 14223 487627 2042 1203 22637 
312 14711 487649 1081 1069 9487 
315 14815 488047 310 1164 2404 
303 14133 490720 2301 1388 25927 
313 14751 492901 1057 754 12927 
314 14814 494292 1626 896 12969 
311 14641 494915 1863 895 17462 
307 14471 496411 2621 1096 25591 
310 14590 499217 2612 912 24282 
321 15114 499531 713 649 6629 
320 15082 499911 896 1231 9190 
323 15135 500421 365 797 5505 
318 15003 501275 1384 1075 13625 
329 15438 505338 482 1098 4062 
317 14966 506326 1774 983 18698 
328 15384 509300 1199 872 8878 
330 15527 514083 596 988 8744 
325 15220 514217 1404 934 14999 
316 14883 514679 3226 1074 28690 
324 15190 517960 2209 896 21548 
333 15680 518412 619 1141 4328 
319 15016 518728 3305 969 30680 
331 15539 519494 1790 932 13167 
327 15350 520162 2385 829 20250 
322 15117 523053 3370 1089 28760 
332 15611 523463 1694 928 14162 
326 15284 528694 2998 899 29162 
335 15819 528839 1325 1487 14159 
338 15951 534340 1648 1088 15611 
339 15958 540273 2285 918 20778 
334 15738 542563 3018 1231 28345 
342 16073 542774 2017 1464 19310 
347 16328 543838 157 1117 1274 
336 15887 544476 2749 1005 26515 
344 16165 545401 2006 1016 16561 
341 16051 545846 2294 1093 22792 
345 16231 547693 1273 1016 13352 
337 15896 548651 3250 1082 30238 
348 16333 548836 446 1064 6061 
350 16391 549278 435 925 4801 
340 16020 550685 3099 1028 30522 
346 16260 552402 1703 936 12128 
343 16147 553207 2518 1088 24512 
351 16402 563675 1700 1415 18273 
357 16753 570605 2184 1267 19919 
349 16364 571128 3056 958 27289 
352 16433 571872 2427 1129 26025 
358 16844 575088 2310 1387 22685 
354 16509 575103 2772 1088 26451 
359 16940 576402 2753 1207 23194 
360 16994 576470 1390 1377 12794 
356 16663 576482 2878 1218 27203 
355 16572 578876 3237 1012 30039 
353 16498 579002 3483 1143 31308 
362 17030 581405 927 957 10276 
369 17312 582665 526 977 3788 
370 17333 587497 1200 1098 8494 
363 17114 588174 2082 1091 16301 
367 17305 589354 1293 1004 12883 
361 16999 589508 1901 1033 18902 
374 17500 589615 106 1334 1440 
372 17387 593290 1143 737 10624 
376 17631 596450 444 1078 6941 
373 17409 600171 1108 1194 12673 
380 17862 601286 49 1065 1114 
366 17301 601295 2375 938 24892 
364 17171 602644 2981 587 27555 
365 17233 602654 2454 748 27550 
377 17665 604938 1813 1153 15322 
368 17312 605739 3450 1242 29256 
371 17345 606281 2965 1120 24875 
378 17740 606419 1619 957 13128 
384 18016 607261 371 986 4606 
387 18206 607469 207 980 1187 
375 17544 607885 1916 812 18530 
389 18305 615749 893 1231 8487 
381 17934 619868 1603 765 18581 
388 18291 622394 1936 1050 15974 
391 18401 622523 1861 1273 14637 
386 18137 622609 1975 1049 16869 
379 17769 622659 2837 1101 26208 
390 18343 624579 1779 1086 17109 
396 18679 629799 962 1010 7189 
383 17957 630077 2977 937 27432 
382 17941 630843 3310 789 29547 
399 18886 630913 35 1078 1113 
385 18092 632998 2382 1022 28059 
395 18657 633650 792 1020 11126 
393 18497 634571 1535 1072 14702 
394 18566 635831 1773 1080 13436 
398 18802 638785 1207 1318 14205 
402 19032 640760 1196 1733 9846 
392 18408 645477 3637 1109 29727 
408 19351 646329 821 1255 5568 
401 18950 655485 3281 1425 24641 
397 18710 655843 2851 1061 33183 
403 19092 655938 2325 840 22939 
412 19585 661030 385 1025 5186 
400 18893 662470 3642 1086 32392 
405 19185 664112 2621 876 29540 
407 19316 665554 2576 1265 26768 
406 19225 665809 2836 1514 29977 
411 19534 665982 1308 994 10496 
404 19094 666091 3853 1225 32440 
410 19455 667307 2008 606 20977 
419 19904 668292 140 1020 2309 
418 19873 671332 318 1050 5522 
421 19991 673117 580 1235 5809 
424 20135 674670 215 1337 1552 
409 19412 675348 3737 1020 29870 
420 19932 677048 1380 942 10956 
415 19742 678363 1721 1107 15892 
427 20285 679166 288 734 2117 
413 19665 681837 2581 1007 25898 
426 20218 682163 677 1062 6814 
425 20214 683011 662 1201 8340 
423 20085 685366 1688 1303 14033 
431 20470 686314 434 990 4150 
422 20053 689467 1667 1591 21174 
417 19857 693152 2869 1219 27597 
416 19785 693161 2919 1442 29048 
414 19699 693797 4150 967 32766 
434 20634 694294 633 1321 7979 
428 20327 697587 2578 1147 19223 
429 20372 703899 2857 1102 24732 
432 20510 704074 2590 1185 21062 
435 20640 706110 1674 1206 16642 
430 20426 709811 2111 1187 27973 
433 20575 710354 2702 1267 24987 
445 21194 712910 283 1333 2555 
443 21086 714482 1173 1279 8371 
441 20968 719153 1711 1108 15253 
439 20800 721215 3058 712 26920 
436 20719 721330 3059 1142 28177 
440 20882 722233 2452 978 24645 
437 20724 722761 2943 1250 29599 
442 21005 723247 1931 990 19172 
438 20797 723316 2908 1013 29518 
454 21730 724268 28 923 951 
444 21123 725747 1887 1461 15935 
456 21817 731696 628 1353 5948 
447 21322 735279 2339 1401 20796 
446 21257 740870 2794 1092 27959 
457 21868 741784 868 803 10087 
451 21602 743327 2266 1131 21093 
452 21648 743803 2164 946 21041 
448 21363 746444 3063 1159 27290 
453 21655 748098 2475 753 24850 
455 21792 748191 2937 1249 23922 
449 21447 748481 2799 1018 27265 
465 22250 749687 118 1377 1495 
450 21527 751346 3439 933 30015 
463 22170 751850 534 1375 5405 
458 21879 754115 2284 1367 18835 
467 22288 756663 1017 1173 6975 
462 22080 759305 1787 950 15501 
460 21974 764566 2352 1188 22781 
461 22055 764748 1871 1099 21420 
470 22407 765480 972 896 11364 
471 22479 766932 875 1485 10268 
459 21943 767396 3038 1016 26525 
464 22175 774820 2817 1320 26721 
472 22514 775730 1627 678 16424 
466 22282 777878 3669 1389 29396 
476 22683 778699 1692 715 11766 
473 22533 778934 1333 1283 14367 
480 22905 779200 213 1108 1321 
468 22341 780532 2660 821 29185 
474 22566 781756 1792 1133 17007 
477 22739 782139 1783 652 14742 
469 22402 782593 2702 926 30742 
478 22837 782796 863 1193 7975 
482 23045 786723 962 969 7788 
486 23179 788352 732 1509 6212 
487 23230 792876 1076 1486 10282 
484 23122 795745 1665 1366 15212 
490 23392 795984 825 1544 7631 
475 22605 796136 3307 1041 30655 
481 22991 796594 1891 1109 17894 
483 23094 797084 1940 937 17883 
488 23283 799504 1430 1396 16707 
489 23364 805034 1751 943 18310 
479 22849 805727 3476 1238 29996 
485 23131 810157 3119 1479 28400 
492 23479 813671 2142 1339 17925 
495 23585 814290 1665 1596 17695 
497 23675 815457 2016 1047 15952 
491 23450 819592 3164 1140 26715 
499 23804 820917 1467 1044 15189 
496 23652 821639 2332 1436 24554 
494 23569 823376 2868 1602 27239 
503 23949 823586 485 1356 8128 
502 23945 823645 1046 1167 9354 
506 24128 823981 382 1033 2341 
507 24213 824441 43 1021 1064 
501 23881 825357 1084 1177 11685 
512 24412 827643 159 1406 2285 
493 23539 827755 3161 1334 31770 
504 23993 831878 1552 1523 12285 
498 23731 835428 2879 1255 30393 
510 24327 838098 1375 1102 14116 
505 24040 838405 1511 951 17487 
500 23850 840398 3342 1096 30240 
514 24513 841735 1739 1538 13979 
519 24821 848538 918 870 8139 
508 24253 849503 2876 855 25916 
511 24370 851520 3275 1201 27078 
509 24280 851728 3061 1025 28082 
515 24582 853127 2073 1380 21248 
521 24999 853499 599 1356 4960 
513 24436 853909 2944 1480 26265 
516 24667 858518 2250 1219 23089 
524 25158 860680 970 1399 8951 
517 24713 860985 2609 1239 22886 
520 24918 861345 2425 978 19609 
518 24740 862561 3129 1129 24155 
528 25313 870260 1098 1247 11741 
522 25010 871100 2438 1155 21596 
531 25535 872224 1276 1216 10878 
525 25165 874695 2051 1452 21567 
523 25092 877270 3157 1186 25749 
534 25651 877376 407 1287 6275 
529 25382 879092 2004 1021 18411 
535 25703 879550 478 1160 7325 
527 25251 882391 2705 1195 28481 
526 25241 883372 2917 1365 29872 
538 25866 886610 1007 1283 9233 
536 25726 890810 1863 1192 16114 
544 26226 892175 38 1326 1364 
530 25478 893008 3313 1219 32022 
532 25547 893175 3105 1084 30613 
545 26290 896632 211 1419 4456 
533 25614 898015 3527 981 27754 
540 26001 900097 2082 1419 20546 
542 26091 901527 1589 1002 18154 
539 25923 908308 3236 1122 29215 
537 25810 908882 3255 1190 31611 
549 26477 909524 1111 1183 11508 
546 26303 911145 2225 1271 18136 
547 26338 911323 1949 1202 18147 
541 26065 912601 3407 981 30209 
550 26480 914128 1663 802 14030 
558 26900 916737 417 1198 2608 
543 26157 916994 3710 837 30383 
556 26774 920497 1125 1389 9173 
553 26608 920779 1126 1167 11896 
548 26437 923305 3111 1147 26672 
557 26828 923932 984 979 11330 
551 26515 924796 1936 1501 23268 
562 27014 927891 662 1059 7111 
560 26945 928990 976 1157 11995 
552 26537 929204 2198 793 20895 
568 27382 930306 93 1008 1101 
554 26678 931857 2299 1257 22332 
565 27202 932023 704 814 7226 
563 27079 935175 1575 1104 11869 
569 27432 937615 821 1113 7308 
570 27462 937620 497 1299 5762 
564 27172 939155 1824 864 15222 
555 26680 940871 3351 1456 29725 
571 27476 942986 925 1347 10962 
566 27206 943448 1285 911 15556 
559 26936 946156 2834 1237 29418 
561 26963 948388 3547 1231 27890 
572 27546 949178 1439 665 14002 
575 27691 949842 1262 1280 10686 
567 27294 952070 2178 945 23079 
574 27641 956093 2283 1311 18472 
577 27788 956194 1161 1200 13207 
576 27703 960494 2302 1219 19622 
585 28237 961451 495 1160 5256 
579 27933 967493 2227 1072 21336 
583 28144 967741 1402 1331 15670 
581 28025 967797 1899 1435 18618 
573 27573 967853 3604 1128 30237 
590 28529 969815 398 618 2017 
578 27844 971938 2975 1475 28489 
580 27985 974908 3135 1601 26519 
593 28741 976378 236 1421 4439 
592 28649 979924 1016 1070 10108 
582 28057 980188 3372 1510 30345 
584 28224 982698 2634 1220 26604 
586 28332 984409 2288 1122 23914 
587 28376 986773 2609 1258 25321 
588 28470 988881 2085 800 21387 
595 28824 990538 1290 806 14159 
591 28564 991233 3232 740 23379 
599 29017 991644 803 1302 7234 
594 28824 992815 2117 1393 17906 
601 29125 993069 396 1657 4187 
589 28492 994865 2544 596 27123 
606 29355 995740 348 1413 2670 
598 28951 996269 1448 1303 13570 
600 29038 996507 1174 1357 9733 
597 28908 1002499 2808 945 22310 
596 28860 1003004 2149 520 23079 
609 29451 1004639 693 1406 8369 
602 29164 1006813 1756 1307 16274 
605 29260 1009374 1474 1279 16558 
607 29395 1009762 1490 918 14896 
614 29580 1010270 348 1096 3456 
608 29422 1010299 1547 1511 14558 
610 29470 1016281 2351 1234 19773 
603 29215 1018568 3305 875 27334 
604 29253 1022013 3642 950 30368 
617 29640 1023499 1480 1307 13228 
619 29756 1026734 1101 1340 10452 
611 29513 1028404 2517 996 25904 
621 29847 1028619 673 962 6605 
613 29570 1029790 2596 1375 25150 
625 30114 1030221 62 1539 1601 
622 29927 1030373 802 1137 6873 
612 29528 1030648 3198 1091 27643 
615 29590 1031399 2416 762 22024 
616 29631 1031745 1620 537 21982 
620 29786 1034271 2108 1108 15702 
618 29690 1035272 2759 1323 24972 
623 30013 1039503 1126 1287 12768 
626 30202 1042569 1239 1085 12778 
627 30216 1045609 1826 1029 15387 
630 30418 1045725 1496 1156 14325 
624 30031 1050157 2779 1592 21752 
633 30469 1050617 1821 983 15344 
634 30478 1053074 1694 1238 13570 
629 30337 1053813 2698 1097 23164 
635 30508 1055408 1237 1231 12838 
631 30433 1059178 2500 1160 27432 
632 30449 1060546 2664 1148 26274 
628 30306 1061321 3254 1026 30947 
640 30819 1062277 1143 1087 9202 
645 31075 1065214 461 1220 3892 
639 30722 1065447 1402 1559 14829 
647 31250 1068825 248 1377 3610 
637 30530 1070030 2222 1078 24304 
643 31050 1071976 1329 911 12797 
642 30964 1072383 2163 1126 16974 
638 30626 1072755 2323 1360 22597 
646 31170 1076170 1735 1131 13892 
636 30528 1077553 3376 967 31943 
654 31599 1079239 385 1025 3068 
652 31476 1080441 837 1399 8057 
657 31688 1081492 170 880 1050 
641 30889 1082376 2975 1098 28562 
656 31624 1082903 472 1202 3663 
659 31820 1083851 80 1394 1474 
661 31913 1086055 29 991 2203 
655 31622 1086601 999 683 9047 
650 31316 1086835 2205 1377 16804 
649 31294 1086966 2153 1205 18140 
651 31409 1087046 1319 1372 15069 
653 31511 1088888 1604 1378 16132 
662 31987 1089581 258 991 3525 
658 31779 1089748 665 1100 8255 
648 31262 1090221 2232 1285 24773 
644 31052 1090629 3139 1235 30082 
666 32306 1092524 457 1290 5477 
668 32375 1100630 930 685 11048 
665 32213 1101591 1834 1060 14624 
660 31886 1102344 2019 1025 19440 
663 32056 1109383 2645 1076 22781 
673 32718 1110216 1105 1088 9585 
675 32758 1110510 833 1400 8165 
664 32150 1110847 2382 1083 24011 
672 32627 1112401 2178 1357 19876 
676 32776 1114334 467 1308 4950 
669 32460 1116345 3065 881 26596 
678 32784 1116359 482 1099 5848 
670 32500 1117038 3149 1219 26816 
667 32338 1119293 3411 972 30404 
671 32594 1120053 2970 993 29423 
674 32747 1120644 1487 1275 19052 
680 32829 1123513 1366 997 11111 
679 32803 1128139 2084 1140 17291 
688 33347 1132737 952 1332 9223 
686 33254 1133781 1394 850 13727 
677 32778 1134733 2739 1051 24516 
682 32945 1134850 1716 1044 18504 
687 33286 1138764 2260 903 18119 
685 33155 1139594 2422 875 20300 
681 32854 1141904 3537 1083 27569 
683 33009 1142879 2660 1264 26519 
684 33072 1143293 2374 1315 26254 
690 33418 1143506 1193 790 10768 
689 33410 1146440 1783 1252 18300 
697 33744 1149096 546 1063 6216 
698 33761 1151084 856 1410 7790 
693 33531 1153934 1986 786 19083 
695 33636 1155627 1633 919 16032 
691 33424 1158903 3113 952 25121 
703 33872 1159006 814 1234 5071 
702 33826 1164038 1410 1030 12953 
699 33767 1164280 2393 1447 20773 
694 33595 1165673 2405 884 26908 
692 33493 1165895 2987 731 31161 
706 34045 1169121 978 1220 10114 
700 33797 1169798 2449 670 23357 
709 34183 1171202 633 793 5528 
696 33665 1172448 2620 1198 30543 
714 34358 1176474 395 1135 4025 
701 33800 1177744 3288 1280 28647 
710 34228 1179644 1326 947 13748 
704 33951 1181861 2976 1046 26233 
708 34119 1183338 1955 1465 19057 
705 33981 1183612 3327 1077 24708 
718 34591 1184039 238 1016 2177 
719 34685 1184649 83 1227 1310 
707 34050 1185785 2271 1698 21746 
720 34708 1187661 331 1095 4048 
713 34342 1189298 1873 1246 18095 
723 34907 1194817 1031 1279 9031 
712 34336 1195971 3058 1404 26172 
726 35001 1196120 148 1154 1302 
722 34866 1196125 902 1136 11475 
711 34283 1197946 3074 1350 28824 
721 34778 1198061 1341 1068 14021 
717 34527 1201672 2710 1328 22027 
716 34453 1203560 2985 955 25815 
728 35042 1205161 995 1174 9040 
715 34443 1206964 2957 1335 30489 
725 34949 1206996 1849 598 17697 
730 35161 1207790 1217 895 9843 
733 35287 1211975 1131 841 8414 
724 34915 1215725 2594 975 28063 
736 35453 1216514 1052 1268 9517 
739 35520 1217011 122 1163 1285 
738 35514 1217306 778 1218 5330 
729 35127 1220933 2345 1392 24807 
727 35019 1221964 2385 1313 25992 
740 35562 1227296 783 1023 10781 
734 35313 1227612 2535 733 22450 
732 35233 1230762 2806 1100 29089 
731 35205 1230974 3925 1131 32912 
745 35864 1231113 228 1300 3816 
741 35630 1234335 1558 1217 17323 
743 35740 1236483 1861 1158 15549 
735 35380 1237318 3302 1144 30353 
737 35485 1238537 3898 1189 30746 
749 36127 1240369 865 1082 9255 
744 35791 1240421 2170 1194 18456 
746 35962 1241633 1769 1116 14020 
747 36049 1241949 1127 688 11186 
752 36302 1243481 536 1473 6162 
750 36160 1244292 754 1000 9956 
758 36582 1244770 52 1236 1288 
742 35718 1247042 3026 1194 29735 
754 36387 1247397 684 771 7027 
753 36347 1249296 1221 927 10758 
751 36239 1252626 1836 1308 16142 
756 36456 1253940 1068 994 12306 
748 36068 1254939 2830 960 23964 
759 36651 1256495 1210 1018 12202 
760 36684 1257103 1353 1026 12332 
763 36821 1260955 912 1183 11658 
761 36740 1263500 1836 1045 16457 
764 36888 1265822 1593 1314 13195 
757 36549 1265983 2455 825 24033 
762 36741 1266823 2255 1169 19425 
765 36910 1268224 1622 1465 14283 
755 36440 1269776 3640 945 29354 
766 36998 1270445 1584 842 15505 
775 37284 1277331 994 1050 7554 
768 37060 1280904 2781 1231 23800 
773 37200 1280937 1475 947 14113 
770 37167 1282162 2603 1056 18661 
767 37030 1283204 2404 1330 26708 
769 37093 1283258 2165 1027 22302 
774 37280 1283980 1369 1552 15755 
776 37332 1286009 1080 1397 15563 
781 37580 1287051 510 1080 3846 
772 37198 1289463 2569 1204 23479 
777 37342 1291426 1236 1219 14094 
779 37481 1291932 1540 1513 10994 
786 37849 1292200 256 929 2736 
771 37173 1294647 3013 1241 28824 
784 37780 1295268 901 1469 9258 
788 37901 1295318 200 1077 3385 
780 37567 1297061 1766 1096 14898 
789 37958 1297851 404 1266 5650 
782 37672 1302786 2664 1207 19527 
787 37891 1303142 1045 506 11715 
778 37402 1304167 2945 1304 23262 
783 37691 1304565 2079 1192 20584 
785 37786 1306634 2325 1181 19582 
793 38096 1309837 1308 1070 12775 
790 37959 1310609 1412 727 15961 
792 38051 1314081 1601 754 18762 
794 38160 1317428 2273 1323 19576 
799 38446 1317502 1229 1268 10867 
797 38369 1317962 1924 1167 13794 
791 38023 1318983 1831 780 23714 
800 38536 1321429 1634 1203 11591 
796 38300 1322814 2042 1074 19671 
806 38958 1326110 585 1277 7126 
809 39212 1327327 102 1114 1216 
808 39146 1327622 305 994 4807 
802 38699 1328882 1735 1216 14800 
798 38409 1330598 3262 1246 26032 
813 39394 1332154 218 1337 1555 
795 38237 1333790 3055 809 31003 
807 39050 1338310 1271 875 16880 
804 38825 1339682 2647 887 22179 
801 38635 1340396 3346 1320 29786 
816 39557 1340924 401 1496 2613 
810 39237 1341004 1113 1097 13676 
811 39275 1341494 1445 1260 13871 
814 39405 1343320 1425 1123 11165 
818 39612 1343513 430 1152 3116 
815 39479 1344379 1519 853 10588 
805 38898 1344807 2609 1021 26844 
803 38734 1345237 3156 952 27808 
823 39809 1345990 289 460 2476 
819 39618 1352320 1043 728 11395 
821 39768 1354250 1194 607 12755 
812 39303 1355412 1988 1208 26529 
817 39599 1360376 2000 771 20693 
824 39870 1360581 1925 1069 16201 
829 40041 1362787 1026 1162 8536 
827 40000 1363024 2086 1013 17033 
825 39956 1363607 1944 927 18799 
831 40137 1364272 439 1409 3895 
820 39679 1364737 2667 850 23732 
835 40246 1366164 218 1130 2556 
822 39801 1366832 2553 628 23511 
830 40135 1371539 1405 955 16126 
833 40173 1371772 1044 920 8984 
834 40238 1376302 1715 835 13277 
826 39978 1376553 3533 753 31315 
841 40333 1377439 800 1054 5666 
828 40009 1379618 2833 1163 27297 
838 40287 1380945 1181 1182 14780 
840 40325 1390420 1538 1281 18880 
836 40280 1391029 3477 1288 26756 
832 40153 1391214 3802 1252 30632 
837 40282 1393927 2902 1174 29189 
846 40616 1395050 1156 1056 14104 
851 40939 1396085 156 878 1034 
839 40289 1396474 3497 851 29641 
853 41077 1399224 191 1353 2749 
852 40988 1400050 362 1207 3964 
842 40341 1403528 3010 1163 27225 
843 40378 1405003 3473 1097 28449 
845 40554 1405251 2439 1070 25632 
847 40630 1405772 1386 926 15351 
844 40471 1408967 3478 1194 31527 
850 40866 1412294 1914 951 18366 
848 40718 1415889 2041 1218 24859 
858 41293 1416111 1265 1035 10859 
857 41290 1417246 1332 1038 12242 
862 41428 1418698 268 1357 2808 
855 41145 1421818 2210 1406 21767 
864 41529 1422662 704 1086 5415 
849 40807 1422816 3415 1053 31601 
856 41202 1425275 2098 1264 21746 
859 41308 1426100 2503 1109 20327 
865 41573 1429829 1060 1238 11130 
854 41085 1430877 3574 1122 31652 
871 41926 1432198 239 1314 2368 
872 41960 1435238 674 1058 4360 
860 41345 1438905 2951 1443 29937 
868 41821 1441113 1973 1288 18296 
861 41377 1441304 2607 1001 29009 
863 41457 1445128 3080 1271 29016 
867 41736 1448412 2828 1177 25749 
866 41637 1449050 2972 1261 27231 
869 41859 1449669 2871 1243 24393 
881 42325 1451187 243 1274 1517 
870 41863 1454279 2866 1406 28178 
880 42293 1456980 1003 1387 7929 
873 41989 1461330 3312 1152 29131 
878 42218 1461751 1869 1254 16622 
874 42076 1462393 2322 1116 27154 
877 42212 1462983 2039 1116 21678 
887 42482 1464636 252 780 2242 
875 42091 1468201 3367 1362 29295 
876 42131 1468802 3274 1115 27688 
879 42267 1475758 2381 1257 27345 
883 42339 1480150 2743 567 25870 
888 42550 1481380 2084 1105 18396 
882 42339 1482317 3572 823 31129 
892 42741 1483887 863 1230 8128 
891 42675 1484125 1850 1495 15322 
884 42377 1484386 2960 849 27405 
889 42626 1484782 2244 1388 20145 
885 42474 1485019 2679 1224 23688 
894 42815 1489129 589 1500 7748 
901 43202 1491544 261 1166 2414 
897 43048 1492730 940 894 8604 
890 42645 1493227 2942 1115 25025 
886 42474 1493952 3064 968 32200 
896 43008 1496139 1276 945 12251 
900 43140 1496338 1083 1009 11318 
905 43355 1496673 455 1104 2720 
898 43055 1497006 1394 1004 12619 
895 42911 1498957 1859 1298 16639 
906 43388 1500703 395 1364 4563 
893 42748 1504213 2827 1348 24062 
904 43300 1507111 1621 1032 13883 
899 43086 1510398 1794 960 25615 
910 43534 1511837 1418 1548 12879 
908 43481 1514603 2164 1148 17929 
912 43587 1521365 1549 1473 17151 
915 43797 1521776 804 1203 9938 
902 43226 1522508 4079 1213 30963 
911 43557 1523470 2731 1259 22766 
903 43272 1523743 3064 877 31012 
919 43993 1523855 111 1235 1346 
907 43473 1524159 2209 1295 27820 
909 43500 1524903 3246 1231 27896 
920 44058 1525955 115 674 2484 
917 43877 1526571 695 1374 5205 
913 43646 1528144 2251 1352 21032 
922 44167 1531599 1005 673 7743 
914 43742 1535818 2977 1077 25419 
921 44144 1536450 1189 541 12706 
926 44277 1538357 1185 1299 11785 
930 44469 1539297 436 1057 2846 
924 44179 1540945 1501 1388 16041 
916 43838 1542927 3175 1127 28323 
923 44175 1546408 1966 1462 22248 
925 44211 1547807 2646 1308 21851 
928 44408 1548041 1702 1282 16441 
927 44322 1548260 1802 1408 20115 
938 44834 1549814 243 1310 1553 
918 43952 1550063 3419 1442 28286 
932 44556 1552632 1062 1253 13334 
939 44924 1556418 828 860 6603 
940 44958 1557946 1263 793 7882 
935 44746 1559145 1061 1177 12736 
929 44429 1560163 1881 1032 24344 
944 45116 1560544 231 1167 1398 
934 44682 1560651 2017 1145 17723 
941 45023 1561783 798 718 9150 
947 45272 1563298 149 871 2646 
946 45235 1564293 296 765 3748 
931 44470 1565749 3097 1330 27391 
951 45491 1567427 182 1495 1677 
942 45066 1567670 1595 1138 11251 
948 45316 1568475 985 1515 6691 
933 44595 1571154 3351 1030 30208 
937 44804 1574014 2857 1138 25972 
936 44763 1577586 2845 794 29778 
953 45616 1579605 1504 1083 11934 
949 45374 1580236 1882 1033 16937 
959 46013 1582582 326 1076 2345 
954 45681 1584541 1308 1180 16065 
955 45730 1587305 1707 1536 16150 
943 45085 1587555 2702 939 29608 
945 45200 1589869 3350 921 29705 
963 46356 1592483 577 1140 4927 
957 45857 1594394 2120 1167 16807 
958 45934 1594993 1510 926 15387 
964 46445 1595143 677 902 5273 
950 45433 1595480 3666 915 31186 
956 45820 1596298 1979 1095 22283 
952 45567 1596487 3136 1162 29059 
967 46584 1598175 280 1494 3181 
961 46176 1598853 1289 1397 14311 
970 46739 1600297 411 1271 3998 
960 46086 1604305 2514 1689 21722 
965 46482 1605014 1075 1487 12530 
962 46268 1605595 2077 1053 18289 
971 46780 1605614 882 1437 9126 
968 46681 1605991 1084 1553 10847 
969 46720 1606024 747 1699 10543 
973 46853 1610030 1351 1259 11176 
977 47129 1610511 419 767 4915 
966 46576 1611299 2188 1086 16904 
975 47017 1612664 609 1014 8358 
978 47207 1614428 1322 786 8813 
985 47403 1615732 132 1171 1303 
981 47294 1616790 712 1324 6759 
987 47476 1617877 29 1057 1086 
982 47324 1623506 1128 987 12994 
976 47033 1623760 1974 721 18745 
974 46949 1624444 2806 1385 24146 
984 47357 1625420 893 1148 12755 
980 47230 1626318 1982 825 20293 
983 47353 1627872 1626 995 16572 
986 47407 1628637 1605 1379 12904 
972 46817 1628822 3850 1072 30646 
992 47746 1630567 794 1029 5146 
988 47530 1630798 1772 921 12920 
979 47212 1631595 2762 841 25603 
996 47878 1635262 366 823 6439 
989 47544 1636380 1457 938 12873 
994 47792 1637052 1012 1140 9179 
991 47655 1642881 1908 1192 18436 
999 48024 1643491 1787 1090 11895 
990 47575 1645733 2993 1121 21972 
997 47935 1646753 2563 1295 16185 
993 47749 1647273 2501 1310 20954 
998 48021 1647918 2582 1165 17119 
995 47870 1647980 3244 863 19342 
